2.000000000000000000e+00 2.510750031289705163e-04 1.778976016130104108e+04 1.304691436526199368e+03 7.195119658287808306e+01 1.916640279441011808e+04
2.209045226130653106e+01 2.773180185313955676e-03 1.778975427366117947e+04 1.206299795900537720e+04 7.195119658287808306e+01 2.992470342924943543e+04
4.218090452261306211e+01 5.295285367498940403e-03 1.778973856594584140e+04 1.974121428015307538e+04 7.195119658287808306e+01 3.760290404268179554e+04
6.227135678391959317e+01 7.817390549683925563e-03 1.778971303822726986e+04 2.502499647612548506e+04 7.195119658287808306e+01 4.288666071093563369e+04
8.236180904522612423e+01 1.033949573186890986e-02 1.778967769062273874e+04 2.846504567579954164e+04 7.195119658287808306e+01 4.632667456300515914e+04
1.024522613065326482e+02 1.286160091405389415e-02 1.778963252329485113e+04 3.047164873794066807e+04 7.195119658287808306e+01 4.833323245781839796e+04
1.225427135678391863e+02 1.538370609623888018e-02 1.778957753645106277e+04 3.135975478390393619e+04 7.195119658287808306e+01 4.922128351693787408e+04
1.426331658291457245e+02 1.790581127842386794e-02 1.778951273034418045e+04 3.138398628658324014e+04 7.195119658287808306e+01 4.924545021351030300e+04
1.627236180904522485e+02 2.042791646060885050e-02 1.778943810527205278e+04 3.076062358176811176e+04 7.195119658287808306e+01 4.862201288362304331e+04
1.828140703517587724e+02 2.295002164279383305e-02 1.778935366157768294e+04 2.967332924237334009e+04 7.195119658287808306e+01 4.753463410053389816e+04
2.029045226130652964e+02 2.547212682497881908e-02 1.778925939964913050e+04 2.828329110095565920e+04 7.195119658287808306e+01 4.614450169718766847e+04
2.229949748743718487e+02 2.799423200716380511e-02 1.778915531991957687e+04 2.671816883031472025e+04 7.195119658287808306e+01 4.457927534681717952e+04
2.430854271356783727e+02 3.051633718934879114e-02 1.778904142286732531e+04 2.509249569364563285e+04 7.195119658287808306e+01 4.295348831309584057e+04
2.631758793969848966e+02 3.303844237153377716e-02 1.778891770901573909e+04 2.349096776495889571e+04 7.195119658287808306e+01 4.135183667055750993e+04
2.832663316582914490e+02 3.556054755371876319e-02 1.778878417893331061e+04 2.196633708209116230e+04 7.195119658287808306e+01 3.982707245760734804e+04
3.033567839195979445e+02 3.808265273590374228e-02 1.778864083323352315e+04 2.056684327520873194e+04 7.195119658287808306e+01 3.842743530502513022e+04
3.234472361809044969e+02 4.060475791808872831e-02 1.778848767257493455e+04 1.931708859613327513e+04 7.195119658287808306e+01 3.717752746529108845e+04
3.435376884422110493e+02 4.312686310027372127e-02 1.778832469766120994e+04 1.822206919606087104e+04 7.195119658287808306e+01 3.608234509030495974e+04
3.636281407035175448e+02 4.564896828245870036e-02 1.778815190924096532e+04 1.727711061830318795e+04 7.195119658287808306e+01 3.513721372412703204e+04
3.837185929648240972e+02 4.817107346464368639e-02 1.778796930810787671e+04 1.647270635849280734e+04 7.195119658287808306e+01 3.433262686318356282e+04
4.038090452261305927e+02 5.069317864682866548e-02 1.778777689510064738e+04 1.579441987538135072e+04 7.195119658287808306e+01 3.365414796706487687e+04
4.238994974874371451e+02 5.321528382901365151e-02 1.778757467110289144e+04 1.521964446069885707e+04 7.195119658287808306e+01 3.307917032838462910e+04
4.439899497487436975e+02 5.573738901119864447e-02 1.778736263704326484e+04 1.472658137633883052e+04 7.195119658287808306e+01 3.258589520996497595e+04
4.640804020100501930e+02 5.825949419338362356e-02 1.778714079389532344e+04 1.429181507263009371e+04 7.195119658287808306e+01 3.215090706310829410e+04
4.841708542713567454e+02 6.078159937556860959e-02 1.778690914267761036e+04 1.389364509232879209e+04 7.195119658287808306e+01 3.175250543158928122e+04
5.042613065326632977e+02 6.330370455775359562e-02 1.778666768445353591e+04 1.351237133835562963e+04 7.195119658287808306e+01 3.137099021939204249e+04
5.243517587939697933e+02 6.582580973993858164e-02 1.778641642033145399e+04 1.313136707513618057e+04 7.195119658287808306e+01 3.098973469205051515e+04
5.444422110552762888e+02 6.834791492212355379e-02 1.778615535146451657e+04 1.273799919687169677e+04 7.195119658287808306e+01 3.059610574491909210e+04
5.645326633165828980e+02 7.087002010430855370e-02 1.778588447905085195e+04 1.232397085049110501e+04 7.195119658287808306e+01 3.018180652612483391e+04
5.846231155778893935e+02 7.339212528649353973e-02 1.778560380433331738e+04 1.188539667648472278e+04 7.195119658287808306e+01 2.974295167740091711e+04
6.047135678391958891e+02 7.591423046867851188e-02 1.778531332859964459e+04 1.142257331498708845e+04 7.195119658287808306e+01 2.927983784016960999e+04
6.248040201005024983e+02 7.843633565086351178e-02 1.778501305318229061e+04 1.093945898938317259e+04 7.195119658287808306e+01 2.879642323914834196e+04
6.448944723618089938e+02 8.095844083304848393e-02 1.778470297945849597e+04 1.044283696948912439e+04 7.195119658287808306e+01 2.829949114553049731e+04
6.649849246231154893e+02 8.348054601523346996e-02 1.778438310885032479e+04 9.941370617064814724e+03 7.195119658287808306e+01 2.779770492249801828e+04
6.850753768844220986e+02 8.600265119741846986e-02 1.778405344282442820e+04 9.444613137862572330e+03 7.195119658287808306e+01 2.730061777726987930e+04
7.051658291457285941e+02 8.852475637960344201e-02 1.778371398289215358e+04 8.962088194523419588e+03 7.195119658287808306e+01 2.681775337399845012e+04
7.252562814070350896e+02 9.104686156178842804e-02 1.778336473060959906e+04 8.502535312186982992e+03 7.195119658287808306e+01 2.635785123937945900e+04
7.453467336683416988e+02 9.356896674397341407e-02 1.778300568757738438e+04 8.073247695264921276e+03 7.195119658287808306e+01 2.592820457942518260e+04
7.654371859296481944e+02 9.609107192615840010e-02 1.778263685544081454e+04 7.679686422122214935e+03 7.195119658287808306e+01 2.553427447414591006e+04
7.855276381909546899e+02 9.861317710834338612e-02 1.778225823588966523e+04 7.325338584620420079e+03 7.195119658287808306e+01 2.517954801709296589e+04
8.056180904522611854e+02 1.011352822905283583e-01 1.778186983065837921e+04 7.011689803467090314e+03 7.195119658287808306e+01 2.486551083070835011e+04
8.257085427135677946e+02 1.036573874727133582e-01 1.778147164152575715e+04 6.738291319535564980e+03 7.195119658287808306e+01 2.459171415764420090e+04
8.457989949748742902e+02 1.061794926548983442e-01 1.778106367031516129e+04 6.503070994673700625e+03 7.195119658287808306e+01 2.435608586157174068e+04
8.658894472361807857e+02 1.087015978370833164e-01 1.778064591889434450e+04 6.302632650686534362e+03 7.195119658287808306e+01 2.415522976616375672e+04
8.859798994974873949e+02 1.112237030192683163e-01 1.778021838917552668e+04 6.132406608707216037e+03 7.195119658287808306e+01 2.398457619446562239e+04
9.060703517587938904e+02 1.137458082014532884e-01 1.777978108311526012e+04 5.987105799610677423e+03 7.195119658287808306e+01 2.383883807930881449e+04
9.261608040201003860e+02 1.162679133836382744e-01 1.777933400271439677e+04 5.861030463227826658e+03 7.195119658287808306e+01 2.371231566252510311e+04
9.462512562814069952e+02 1.187900185658232743e-01 1.777887715001812830e+04 5.748253272542591731e+03 7.195119658287808306e+01 2.359908161914359880e+04
9.663417085427134907e+02 1.213121237480082465e-01 1.777841052711590964e+04 5.643088254032968507e+03 7.195119658287808306e+01 2.349344997773175783e+04
9.864321608040199862e+02 1.238342289301932325e-01 1.777793413614137899e+04 5.540258196416076316e+03 7.195119658287808306e+01 2.339014352914033225e+04
1.006522613065326595e+03 1.263563341123782324e-01 1.777744797927235777e+04 5.435230830742438229e+03 7.195119658287808306e+01 2.328463000659767567e+04
1.026613065326632977e+03 1.288784392945631907e-01 1.777695205873084706e+04 5.324421626644235403e+03 7.195119658287808306e+01 2.317332488195796032e+04
1.046703517587939587e+03 1.314005444767481767e-01 1.777644637678292929e+04 5.205322132613201575e+03 7.195119658287808306e+01 2.305371970597900872e+04
1.066793969849246196e+03 1.339226496589331905e-01 1.777593093573872102e+04 5.076649992897488119e+03 7.195119658287808306e+01 2.292453212521908790e+04
1.086884422110552578e+03 1.364447548411181488e-01 1.777540573795237651e+04 4.938185061434490308e+03 7.195119658287808306e+01 2.278554199596974649e+04
1.106974874371859187e+03 1.389668600233031348e-01 1.777487078582206595e+04 4.790903991334055718e+03 7.195119658287808306e+01 2.263772597373900135e+04
1.127065326633165796e+03 1.414889652054881486e-01 1.777432608178980081e+04 4.636480464200713868e+03 7.195119658287808306e+01 2.248275774257339435e+04
1.147155778894472178e+03 1.440110703876731069e-01 1.777377162834150658e+04 4.477443147324800520e+03 7.195119658287808306e+01 2.232316597224918587e+04
1.167246231155778787e+03 1.465331755698580929e-01 1.777320742800703010e+04 4.316528293045033024e+03 7.195119658287808306e+01 2.216168691763494280e+04
1.187336683417085396e+03 1.490552807520430789e-01 1.777263348335988485e+04 4.156777137760895130e+03 7.195119658287808306e+01 2.200136181770365874e+04
1.207427135678391778e+03 1.515773859342280649e-01 1.777204979701745106e+04 4.001012543300705602e+03 7.195119658287808306e+01 2.184501353690103497e+04
1.227517587939698387e+03 1.540994911164130510e-01 1.777145637164068830e+04 3.851921135135697114e+03 7.195119658287808306e+01 2.169532870335926418e+04
1.247608040201004997e+03 1.566215962985980370e-01 1.777085320993431378e+04 3.711657060719577203e+03 7.195119658287808306e+01 2.155446146723676793e+04
1.267698492462311378e+03 1.591437014807830230e-01 1.777024031464655491e+04 3.581922064327364296e+03 7.195119658287808306e+01 2.142411357555679933e+04
1.287788944723617988e+03 1.616658066629680091e-01 1.776961768856926938e+04 3.463786559074716479e+03 7.195119658287808306e+01 2.130535544422686507e+04
1.307879396984924597e+03 1.641879118451529951e-01 1.776898533453775599e+04 3.357699717569126278e+03 7.195119658287808306e+01 2.119863624868975967e+04
1.327969849246230979e+03 1.667100170273379811e-01 1.776834325543084560e+04 3.263655772049850839e+03 7.195119658287808306e+01 2.110395022406357384e+04
1.348060301507537588e+03 1.692321222095229671e-01 1.776769145417062828e+04 3.181013271587322834e+03 7.195119658287808306e+01 2.102065592234082942e+04
1.368150753768844197e+03 1.717542273917079532e-01 1.776702993372265701e+04 3.108915879549329929e+03 7.195119658287808306e+01 2.094789700985486706e+04
1.388241206030150579e+03 1.742763325738929392e-01 1.776635869709573308e+04 3.045849219555139371e+03 7.195119658287808306e+01 2.088415911323375258e+04
1.408331658291457188e+03 1.767984377560779252e-01 1.776567774734185150e+04 2.990283447787463956e+03 7.195119658287808306e+01 2.082791239171219422e+04
1.428422110552763797e+03 1.793205429382629112e-01 1.776498708755627376e+04 2.940502713907048928e+03 7.195119658287808306e+01 2.077744099804620055e+04
1.448512562814070179e+03 1.818426481204478695e-01 1.776428672087732048e+04 2.894820558279883244e+03 7.195119658287808306e+01 2.073105847574008294e+04
1.468603015075376788e+03 1.843647533026328833e-01 1.776357665048639319e+04 2.851582124063485935e+03 7.195119658287808306e+01 2.068710997113275880e+04
1.488693467336683398e+03 1.868868584848178693e-01 1.776285687960790528e+04 2.809130280915413095e+03 7.195119658287808306e+01 2.064393835710619896e+04
1.508783919597989780e+03 1.894089636670028276e-01 1.776212741150919828e+04 2.766026502307242026e+03 7.195119658287808306e+01 2.060010511039931953e+04
1.528874371859296389e+03 1.919310688491878414e-01 1.776138824950057096e+04 2.721074129200247626e+03 7.195119658287808306e+01 2.055441357528369554e+04
1.548964824120602998e+03 1.944531740313728274e-01 1.776063939693509747e+04 2.673288201046923405e+03 7.195119658287808306e+01 2.050587879456489827e+04
1.569055276381909380e+03 1.969752792135577857e-01 1.775988085720862728e+04 2.622210529352279536e+03 7.195119658287808306e+01 2.045404258314378603e+04
1.589145728643215989e+03 1.994973843957427995e-01 1.775911263375974158e+04 2.567786403257819074e+03 7.195119658287808306e+01 2.039885023360043851e+04
1.609236180904522371e+03 2.020194895779277577e-01 1.775833473006960776e+04 2.510159287463281544e+03 7.195119658287808306e+01 2.034044521411576716e+04
1.629326633165828980e+03 2.045415947601127438e-01 1.775754714966210668e+04 2.450002138130146250e+03 7.195119658287808306e+01 2.027950048437513033e+04
1.649417085427135589e+03 2.070636999422977576e-01 1.775674989610348712e+04 2.388053733879163701e+03 7.195119658287808306e+01 2.021675482656552776e+04
1.669507537688441971e+03 2.095858051244827158e-01 1.775594297300255130e+04 2.325173402500834527e+03 7.195119658287808306e+01 2.015306757208626368e+04
1.689597989949748580e+03 2.121079103066677018e-01 1.775512638401049117e+04 2.262387263882406387e+03 7.195119658287808306e+01 2.008946484447577677e+04
1.709688442211055190e+03 2.146300154888526879e-01 1.775430013282080108e+04 2.200592020483640681e+03 7.195119658287808306e+01 2.002684334988732007e+04
1.729778894472361571e+03 2.171521206710376739e-01 1.775346422316924873e+04 2.140605803701440891e+03 7.195119658287808306e+01 1.996602122345356838e+04
1.749869346733668181e+03 2.196742258532226599e-01 1.775261865883374776e+04 2.083151291025905266e+03 7.195119658287808306e+01 1.990772114644253088e+04
1.769959798994974790e+03 2.221963310354076460e-01 1.775176344363441603e+04 2.028806000014948950e+03 7.195119658287808306e+01 1.985252064023224375e+04
1.790050251256281172e+03 2.247184362175926320e-01 1.775089858143335005e+04 1.977940557781153075e+03 7.195119658287808306e+01 1.980079033579738098e+04
1.810140703517587781e+03 2.272405413997776180e-01 1.775002407613473406e+04 1.930807054744974721e+03 7.195119658287808306e+01 1.975278232746258800e+04
1.830231155778894390e+03 2.297626465819626040e-01 1.774913993168460365e+04 1.887560954897484635e+03 7.195119658287808306e+01 1.970865208316496864e+04
1.850321608040200772e+03 2.322847517641475901e-01 1.774824615207081661e+04 1.848092136094023999e+03 7.195119658287808306e+01 1.966828948474771823e+04
1.870412060301507381e+03 2.348068569463325761e-01 1.774734274132301653e+04 1.812215209143952734e+03 7.195119658287808306e+01 1.963150914704984825e+04
1.890502512562813990e+03 2.373289621285175621e-01 1.774642970351267650e+04 1.779711638002161408e+03 7.195119658287808306e+01 1.959809253809771690e+04
1.910592964824120372e+03 2.398510673107025204e-01 1.774550704275270982e+04 1.750091119370420301e+03 7.195119658287808306e+01 1.956754935870600821e+04
1.930683417085426981e+03 2.423731724928875342e-01 1.774457476319769921e+04 1.722811363725737692e+03 7.195119658287808306e+01 1.953933732350631544e+04
1.950773869346733591e+03 2.448952776750725202e-01 1.774363286904372944e+04 1.697375951717530143e+03 7.195119658287808306e+01 1.951296001734413949e+04
1.970864321608039972e+03 2.474173828572574785e-01 1.774268136452825274e+04 1.673214957552600481e+03 7.195119658287808306e+01 1.948784751866373335e+04
1.990954773869346582e+03 2.499394880394424923e-01 1.774172025393005242e+04 1.649754501637768271e+03 7.195119658287808306e+01 1.946342595215070105e+04
2.011045226130653191e+03 2.524615932216274783e-01 1.774074954156915919e+04 1.626485538281177469e+03 7.195119658287808306e+01 1.943918627643321452e+04
2.031135678391959573e+03 2.549836984038124643e-01 1.773976923180683298e+04 1.603020593446530938e+03 7.195119658287808306e+01 1.941474102183624200e+04
2.051226130653265955e+03 2.575058035859973948e-01 1.773877932904541376e+04 1.579078069866530541e+03 7.195119658287808306e+01 1.938980859549482193e+04
2.071316582914572791e+03 2.600279087681824364e-01 1.773777983772829248e+04 1.554414863528158548e+03 7.195119658287808306e+01 1.936414589783933116e+04
2.091407035175879173e+03 2.625500139503674224e-01 1.773677076233973276e+04 1.528889777678743030e+03 7.195119658287808306e+01 1.933761173660135319e+04
2.111497487437185555e+03 2.650721191325523529e-01 1.773575210740499097e+04 1.502540346341887016e+03 7.195119658287808306e+01 1.931024365032975766e+04
2.131587939698492391e+03 2.675942243147373945e-01 1.773472387748996698e+04 1.475429581626233130e+03 7.195119658287808306e+01 1.928210465569908047e+04
2.151678391959798773e+03 2.701163294969223805e-01 1.773368607720139335e+04 1.447638305485773799e+03 7.195119658287808306e+01 1.925327557927004455e+04
2.171768844221105155e+03 2.726384346791073110e-01 1.773263871118656607e+04 1.419395622518580240e+03 7.195119658287808306e+01 1.922398553028802417e+04
2.191859296482411992e+03 2.751605398612923525e-01 1.773158178413332280e+04 1.390986411742326254e+03 7.195119658287808306e+01 1.919451939245852918e+04
2.211949748743718374e+03 2.776826450434773386e-01 1.773051530077002826e+04 1.362664529665913506e+03 7.195119658287808306e+01 1.916513102701881871e+04
2.232040201005024755e+03 2.802047502256622691e-01 1.772943926586535235e+04 1.334685518037593283e+03 7.195119658287808306e+01 1.913607598048582440e+04
2.252130653266331592e+03 2.827268554078473106e-01 1.772835368422827742e+04 1.307347657117175913e+03 7.195119658287808306e+01 1.910765253792833391e+04
2.272221105527637974e+03 2.852489605900322411e-01 1.772725856070803275e+04 1.280920328616066399e+03 7.195119658287808306e+01 1.908013008590697791e+04
2.292311557788944356e+03 2.877710657722172272e-01 1.772615390019391998e+04 1.255633077472965397e+03 7.195119658287808306e+01 1.905373817424976369e+04
2.312402010050251192e+03 2.902931709544022687e-01 1.772503970761538221e+04 1.231617953487935665e+03 7.195119658287808306e+01 1.902860885768619482e+04
2.332492462311557574e+03 2.928152761365871992e-01 1.772391598794166566e+04 1.208920202084448874e+03 7.195119658287808306e+01 1.900478738660899398e+04
2.352582914572863956e+03 2.953373813187721852e-01 1.772278274618200157e+04 1.187572802690041954e+03 7.195119658287808306e+01 1.898230674545492366e+04
2.372673366834170793e+03 2.978594865009572268e-01 1.772163998738537339e+04 1.167592446256019002e+03 7.195119658287808306e+01 1.896118363022427002e+04
2.392763819095477174e+03 3.003815916831421573e-01 1.772048771664044762e+04 1.148885324829913543e+03 7.195119658287808306e+01 1.894132423805323924e+04
2.412854271356783556e+03 3.029036968653271433e-01 1.771932593907546834e+04 1.131297632657119493e+03 7.195119658287808306e+01 1.892257476831546592e+04
2.432944723618090393e+03 3.054258020475121849e-01 1.771815465985825722e+04 1.114688768695556746e+03 7.195119658287808306e+01 1.890479462513669205e+04
2.453035175879396775e+03 3.079479072296971154e-01 1.771697388419600975e+04 1.098926316249450565e+03 7.195119658287808306e+01 1.888785139702833840e+04
2.473125628140703157e+03 3.104700124118821014e-01 1.771578361733525162e+04 1.083842956523279554e+03 7.195119658287808306e+01 1.887157777044141039e+04
2.493216080402009993e+03 3.129921175940671429e-01 1.771458386456179142e+04 1.069259916896626692e+03 7.195119658287808306e+01 1.885579497804129642e+04
2.513306532663316375e+03 3.155142227762520735e-01 1.771337463120054963e+04 1.055014674311319823e+03 7.195119658287808306e+01 1.884034050209474663e+04
2.533396984924622757e+03 3.180363279584370595e-01 1.771215592261554411e+04 1.040960852414541023e+03 7.195119658287808306e+01 1.882506797161296345e+04
2.553487437185929593e+03 3.205584331406221010e-01 1.771092774420972273e+04 1.026980110027207047e+03 7.195119658287808306e+01 1.880985905081981036e+04
2.573577889447235975e+03 3.230805383228070315e-01 1.770969010142491243e+04 1.012976324215458135e+03 7.195119658287808306e+01 1.879461762222324978e+04
2.593668341708542357e+03 3.256026435049920176e-01 1.770844299974173919e+04 9.988635646599941538e+02 7.195119658287808306e+01 1.877925776098461210e+04
2.613758793969849194e+03 3.281247486871770591e-01 1.770718644467948616e+04 9.845662658966072058e+02 7.195119658287808306e+01 1.876370390715897156e+04
2.633849246231155576e+03 3.306468538693619896e-01 1.770592044179604272e+04 9.700679220846297994e+02 7.195119658287808306e+01 1.874793956046355015e+04
2.653939698492461957e+03 3.331689590515469757e-01 1.770464499668780263e+04 9.554285127113909084e+02 7.195119658287808306e+01 1.873202470598207219e+04
2.674030150753768794e+03 3.356910642337320172e-01 1.770336011498951848e+04 9.407092560814697890e+02 7.195119658287808306e+01 1.871602056765386806e+04
2.694120603015075176e+03 3.382131694159169477e-01 1.770206580237427625e+04 9.259662825366702918e+02 7.195119658287808306e+01 1.869998328149382360e+04
2.714211055276381558e+03 3.407352745981019337e-01 1.770076206455335341e+04 9.112575299302438907e+02 7.195119658287808306e+01 1.868397079106647652e+04
2.734301507537688394e+03 3.432573797802869753e-01 1.769944890727614620e+04 8.966677449090778964e+02 7.195119658287808306e+01 1.866806784876810343e+04
2.754391959798994776e+03 3.457794849624719058e-01 1.769812633633002770e+04 8.822827791140032332e+02 7.195119658287808306e+01 1.865236031202691083e+04
2.774482412060301158e+03 3.483015901446568918e-01 1.769679435754028964e+04 8.681794399925942116e+02 7.195119658287808306e+01 1.863692499411576136e+04
2.794572864321607994e+03 3.508236953268418779e-01 1.769545297677008057e+04 8.544260106284443737e+02 7.195119658287808306e+01 1.862183018398140484e+04
2.814663316582914376e+03 3.533458005090268639e-01 1.769410219992017301e+04 8.410755305667461244e+02 7.195119658287808306e+01 1.860712892706979619e+04
2.834753768844220758e+03 3.558679056912118499e-01 1.769274203292899620e+04 8.281636138806461531e+02 7.195119658287808306e+01 1.859285684339252111e+04
2.854844221105527595e+03 3.583900108733968359e-01 1.769137248177250876e+04 8.157204718127173919e+02 7.195119658287808306e+01 1.857904415016810526e+04
2.874934673366833977e+03 3.609121160555818220e-01 1.768999355246403138e+04 8.037723872231863425e+02 7.195119658287808306e+01 1.856571713627009740e+04
2.895025125628140358e+03 3.634342212377668080e-01 1.768860525105419219e+04 7.923397152280697355e+02 7.195119658287808306e+01 1.855289616286514138e+04
2.915115577889447195e+03 3.659563264199517940e-01 1.768720758363084678e+04 7.813988461475153144e+02 7.195119658287808306e+01 1.854055762636124200e+04
2.935206030150753577e+03 3.684784316021367800e-01 1.768580055631891810e+04 7.708936222440605661e+02 7.195119658287808306e+01 1.852864537514585754e+04
2.955296482412059959e+03 3.710005367843217661e-01 1.768438417528036371e+04 7.607712768817549431e+02 7.195119658287808306e+01 1.851710664874499707e+04
2.975386934673366795e+03 3.735226419665067521e-01 1.768295844671398663e+04 7.509831773289807870e+02 7.195119658287808306e+01 1.850589282062584607e+04
2.995477386934673177e+03 3.760447471486917381e-01 1.768152337685538441e+04 7.414839907878580334e+02 7.195119658287808306e+01 1.849495856422612269e+04
3.015567839195979559e+03 3.785668523308767242e-01 1.768007897197688726e+04 7.322245274486708695e+02 7.195119658287808306e+01 1.848425469600843644e+04
3.035658291457286396e+03 3.810889575130617102e-01 1.767862523838731431e+04 7.231537699215734847e+02 7.195119658287808306e+01 1.847373020489176633e+04
3.055748743718592777e+03 3.836110626952466962e-01 1.767716218243203912e+04 7.142246649435703603e+02 7.195119658287808306e+01 1.846333804395848711e+04
3.075839195979899159e+03 3.861331678774316822e-01 1.767568981049273134e+04 7.053940156983710494e+02 7.195119658287808306e+01 1.845303502277398002e+04
3.095929648241205996e+03 3.886552730596166683e-01 1.767420812898736767e+04 6.966225958389126163e+02 7.195119658287808306e+01 1.844278192140915780e+04
3.116020100502512378e+03 3.911773782418016543e-01 1.767271714437002083e+04 6.878883294366630707e+02 7.195119658287808306e+01 1.843255667038956381e+04
3.136110552763818760e+03 3.936994834239866403e-01 1.767121686313083774e+04 6.791888875109352739e+02 7.195119658287808306e+01 1.842235694722465269e+04
3.156201005025125596e+03 3.962215886061716263e-01 1.766970729179593400e+04 6.705234476879840031e+02 7.195119658287808306e+01 1.841218193606679779e+04
3.176291457286431978e+03 3.987436937883566124e-01 1.766818843692712471e+04 6.618913829646038494e+02 7.195119658287808306e+01 1.840203101647460790e+04
3.196381909547738360e+03 4.012657989705415984e-01 1.766666030512212092e+04 6.532922489909797150e+02 7.195119658287808306e+01 1.839190375069597940e+04
3.216472361809044742e+03 4.037879041527265289e-01 1.766512290301407120e+04 6.447304798741319019e+02 7.195119658287808306e+01 1.838180457947108152e+04
3.236562814070351578e+03 4.063100093349115705e-01 1.766357623727173632e+04 6.362308650775750039e+02 7.195119658287808306e+01 1.837175829893218906e+04
3.256653266331657960e+03 4.088321145170965010e-01 1.766202031459916179e+04 6.278217342325154959e+02 7.195119658287808306e+01 1.836179324541455571e+04
3.276743718592964342e+03 4.113542196992814870e-01 1.766045514173576521e+04 6.195289226172202461e+02 7.195119658287808306e+01 1.835193526093586479e+04
3.296834170854271179e+03 4.138763248814665285e-01 1.765888072545605974e+04 6.113759170332806434e+02 7.195119658287808306e+01 1.834220783907221994e+04
3.316924623115577560e+03 4.163984300636514591e-01 1.765729707256960319e+04 6.033839580073807838e+02 7.195119658287808306e+01 1.833263222715986194e+04
3.337015075376883942e+03 4.189205352458364451e-01 1.765570418992095074e+04 5.955676027198721840e+02 7.195119658287808306e+01 1.832322298922370101e+04
3.357105527638190779e+03 4.214426404280214866e-01 1.765410208438942209e+04 5.879315383089990519e+02 7.195119658287808306e+01 1.831398481928130059e+04
3.377195979899497161e+03 4.239647456102064171e-01 1.765249076288910874e+04 5.804789071321841902e+02 7.195119658287808306e+01 1.830492086660417044e+04
3.397286432160803543e+03 4.264868507923914032e-01 1.765087023236864843e+04 5.732123214806618989e+02 7.195119658287808306e+01 1.829603375043219057e+04
3.417376884422110379e+03 4.290089559745764447e-01 1.764924049981118515e+04 5.661339097430380889e+02 7.195119658287808306e+01 1.828732560613710302e+04
3.437467336683416761e+03 4.315310611567613752e-01 1.764760157223421993e+04 5.592452908374758636e+02 7.195119658287808306e+01 1.827879805965457490e+04
3.457557788944723143e+03 4.340531663389463612e-01 1.764595345668951268e+04 5.525417231521591930e+02 7.195119658287808306e+01 1.827044637642455200e+04
3.477648241206029979e+03 4.365752715211314028e-01 1.764429616026300209e+04 5.460082625107523882e+02 7.195119658287808306e+01 1.826225561935663427e+04
3.497738693467336361e+03 4.390973767033163333e-01 1.764262969007460561e+04 5.396298919655504278e+02 7.195119658287808306e+01 1.825421077862303355e+04
3.517829145728642743e+03 4.416194818855013193e-01 1.764095405327819390e+04 5.333925755067607497e+02 7.195119658287808306e+01 1.824629782536783387e+04
3.537919597989949580e+03 4.441415870676863609e-01 1.763926925706136171e+04 5.272831939446533625e+02 7.195119658287808306e+01 1.823850364758889555e+04
3.558010050251255961e+03 4.466636922498712914e-01 1.763757530864546789e+04 5.212894866608895654e+02 7.195119658287808306e+01 1.823081599188923792e+04
3.578100502512562343e+03 4.491857974320562774e-01 1.763587221528536247e+04 5.153998084463156601e+02 7.195119658287808306e+01 1.822322322031455769e+04
3.598190954773869180e+03 4.517079026142413190e-01 1.763415998426936494e+04 5.096024830487377812e+02 7.195119658287808306e+01 1.821571366390098046e+04
3.618281407035175562e+03 4.542300077964262495e-01 1.763243862291912228e+04 5.038864119760170297e+02 7.195119658287808306e+01 1.820827623147801933e+04
3.638371859296481944e+03 4.567521129786112355e-01 1.763070813858951078e+04 4.982412585066555266e+02 7.195119658287808306e+01 1.820090059367904541e+04
3.658462311557788780e+03 4.592742181607962770e-01 1.762896853866842866e+04 4.926574062699127694e+02 7.195119658287808306e+01 1.819357714152121844e+04
3.678552763819095162e+03 4.617963233429812075e-01 1.762721983057683246e+04 4.871259214260658723e+02 7.195119658287808306e+01 1.818629694858577568e+04
3.698643216080401544e+03 4.643184285251661936e-01 1.762546202176845327e+04 4.816385849096099037e+02 7.195119658287808306e+01 1.817905180326094342e+04
3.718733668341708380e+03 4.668405337073512351e-01 1.762369511972977489e+04 4.761929238399745827e+02 7.195119658287808306e+01 1.817183924015262892e+04
3.738824120603014762e+03 4.693626388895361656e-01 1.762191913197993199e+04 4.707952214587168669e+02 7.195119658287808306e+01 1.816466555002152745e+04
3.758914572864321144e+03 4.718847440717211517e-01 1.762013406607053184e+04 4.654520931117667715e+02 7.195119658287808306e+01 1.815753735576517647e+04
3.779005025125627981e+03 4.744068492539061377e-01 1.761833992958551607e+04 4.601696284618125787e+02 7.195119658287808306e+01 1.815046075463020679e+04
3.799095477386934363e+03 4.769289544360911237e-01 1.761653673014112064e+04 4.549534184373321750e+02 7.195119658287808306e+01 1.814344134516133272e+04
3.819185929648240744e+03 4.794510596182761097e-01 1.761472447538568667e+04 4.498085818330126244e+02 7.195119658287808306e+01 1.813648425380157641e+04
3.839276381909547581e+03 4.819731648004610958e-01 1.761290317299959497e+04 4.447397898226315078e+02 7.195119658287808306e+01 1.812959415940510371e+04
3.859366834170853963e+03 4.844952699826460818e-01 1.761107283069506229e+04 4.397509583484114160e+02 7.195119658287808306e+01 1.812277498562635083e+04
3.879457286432160345e+03 4.870173751648310678e-01 1.760923345621613407e+04 4.348449020483431013e+02 7.195119658287808306e+01 1.811602955484735503e+04
3.899547738693467181e+03 4.895394803470160539e-01 1.760738505733846250e+04 4.300240462438615623e+02 7.195119658287808306e+01 1.810936030016520454e+04
3.919638190954773563e+03 4.920615855292010399e-01 1.760552764186921559e+04 4.252905495631431450e+02 7.195119658287808306e+01 1.810276938801523647e+04
3.939728643216079945e+03 4.945836907113860259e-01 1.760366121764697527e+04 4.206463214338034504e+02 7.195119658287808306e+01 1.809625873566365772e+04
3.959819095477386782e+03 4.971057958935710119e-01 1.760178579254159558e+04 4.160930388854733337e+02 7.195119658287808306e+01 1.808983002800994655e+04
3.979909547738693163e+03 4.996279010757559980e-01 1.759990137445405708e+04 4.116321626603760251e+02 7.195119658287808306e+01 1.808348473369731073e+04
4.000000000000000000e+03 5.021500062579410395e-01 1.759800797131640866e+04 4.072645935274954923e+02 7.195119658287808306e+01 1.807722376142678331e+04
