2.000000000000000000e+00 1.635501924437026636e-03 4.448319031874094903e+07 7.760599092979190350e+08 1.204679498536262661e+07 8.325898946020226479e+08
2.711557788944723768e+01 2.217378991020652404e-02 4.448292637603303790e+07 3.050565069486865520e+09 1.204679498536262661e+07 3.107094790848260880e+09
5.223115577889447536e+01 4.271207789597601667e-02 4.448220711056363583e+07 1.867218983767146349e+09 1.204679498536262661e+07 1.923747985863072395e+09
7.734673366834171304e+01 6.325036588174551277e-02 4.448103263319902122e+07 1.372647096071104527e+09 1.204679498536262661e+07 1.429174923689666033e+09
1.024623115577889507e+02 8.378865386751500888e-02 4.447940312490087003e+07 1.003050774435754895e+09 1.204679498536262661e+07 1.059576972546018362e+09
1.275778894472361884e+02 1.043269418532845050e-01 4.447731883659769595e+07 6.773712313518337011e+08 1.204679498536262661e+07 7.338953451737940311e+08
1.526934673366834261e+02 1.248652298390540011e-01 4.447478008900653571e+07 5.581162143033841848e+08 1.204679498536262661e+07 6.146377893777533770e+08
1.778090452261306496e+02 1.454035178248234972e-01 4.447178727240537852e+07 4.455036664017223716e+08 1.204679498536262661e+07 5.020222486594904065e+08
2.029246231155779014e+02 1.659418058105930072e-01 4.446834084635680914e+07 3.340783155138856173e+08 1.204679498536262661e+07 3.905934513456050754e+08
2.280402010050251533e+02 1.864800937963624894e-01 4.446444133938325942e+07 2.858383932647648454e+08 1.204679498536262661e+07 3.423496295895107388e+08
2.531557788944723768e+02 2.070183817821319716e-01 4.446008934859427810e+07 2.425043910595659316e+08 1.204679498536262661e+07 2.990112753935228586e+08
2.782713567839196003e+02 2.275566697679014816e-01 4.445528553926682472e+07 1.953983031858915389e+08 1.204679498536262661e+07 2.519003837105209827e+08
3.033869346733668522e+02 2.480949577536709638e-01 4.445003064437898248e+07 1.691742095698336065e+08 1.204679498536262661e+07 2.256710351995752156e+08
3.285025125628141041e+02 2.686332457394404738e-01 4.444432546409797668e+07 1.485810459339088202e+08 1.204679498536262661e+07 2.050721663833694160e+08
3.536180904522612991e+02 2.891715337252099283e-01 4.443817086522363126e+07 1.260516198028954566e+08 1.204679498536262661e+07 1.825365856534816921e+08
3.787336683417085510e+02 3.097098217109794382e-01 4.443156778058753163e+07 1.104366206342377663e+08 1.204679498536262661e+07 1.669149834001879096e+08
4.038492462311558029e+02 3.302481096967489482e-01 4.442451720840979367e+07 9.866424759109658003e+07 1.204679498536262661e+07 1.551355597848689854e+08
4.289648241206030548e+02 3.507863976825184582e-01 4.441702021161381155e+07 8.670879093753555417e+07 1.204679498536262661e+07 1.431726061345119774e+08
4.540804020100503067e+02 3.713246856682879682e-01 4.440907791710051149e+07 7.705108732041676342e+07 1.204679498536262661e+07 1.335069602228798866e+08
4.791959798994975017e+02 3.918629736540574227e-01 4.440069151498293132e+07 6.954011686082679033e+07 1.204679498536262661e+07 1.259876033611723483e+08
5.043115577889447536e+02 4.124012616398269326e-01 4.439186225778301060e+07 6.249548608664733171e+07 1.204679498536262661e+07 1.189341433297929764e+08
5.294271356783920055e+02 4.329395496255964426e-01 4.438259145959118009e+07 5.633877070422489196e+07 1.204679498536262661e+07 1.127681571491786838e+08
5.545427135678392006e+02 4.534778376113658971e-01 4.437288049519047886e+07 5.127353841219574213e+07 1.204679498536262661e+07 1.076932138927488327e+08
5.796582914572865093e+02 4.740161255971354626e-01 4.436273079914670438e+07 4.674607768240892142e+07 1.204679498536262661e+07 1.031556034669182599e+08
6.047738693467337043e+02 4.945544135829049170e-01 4.435214386486569047e+07 4.265588428700213879e+07 1.204679498536262661e+07 9.905482313723045588e+07
6.298894472361808994e+02 5.150927015686743715e-01 4.434112124361944199e+07 3.914307995096088201e+07 1.204679498536262661e+07 9.553099617994293571e+07
6.550050251256282081e+02 5.356309895544439925e-01 4.432966454354258627e+07 3.602241520228484273e+07 1.204679498536262661e+07 9.239887473119005561e+07
6.801206030150754032e+02 5.561692775402133915e-01 4.431777542860054970e+07 3.320135576348678768e+07 1.204679498536262661e+07 8.956592617744997144e+07
7.052361809045225982e+02 5.767075655259829015e-01 4.430545561753115803e+07 3.069357233383831754e+07 1.204679498536262661e+07 8.704582293673211336e+07
7.303517587939699069e+02 5.972458535117524114e-01 4.429270688276115060e+07 2.845639732344639301e+07 1.204679498536262661e+07 8.479589919157016277e+07
7.554673366834171020e+02 6.177841414975219214e-01 4.427953104929932952e+07 2.642579812903272733e+07 1.204679498536262661e+07 8.275212416369467974e+07
7.805829145728644107e+02 6.383224294832914314e-01 4.426592999360764027e+07 2.459473097827176377e+07 1.204679498536262661e+07 8.090745595724204183e+07
8.056984924623116058e+02 6.588607174690609414e-01 4.425190564245233685e+07 2.294117749345731735e+07 1.204679498536262661e+07 7.923987812127226591e+07
8.308140703517588008e+02 6.793990054548303403e-01 4.423745997173614800e+07 2.143558770594848320e+07 1.204679498536262661e+07 7.771984266304725409e+07
8.559296482412061096e+02 6.999372934405999613e-01 4.422259500531368703e+07 2.006257938376446068e+07 1.204679498536262661e+07 7.633196937444077432e+07
8.810452261306533046e+02 7.204755814263693603e-01 4.420731281379129738e+07 1.881047128070617095e+07 1.204679498536262661e+07 7.506457907986009121e+07
9.061608040201006133e+02 7.410138694121388703e-01 4.419161551331333816e+07 1.766577476865908504e+07 1.204679498536262661e+07 7.390418526733505726e+07
9.312763819095478084e+02 7.615521573979083803e-01 4.417550526433590055e+07 1.661592581111007929e+07 1.204679498536262661e+07 7.283822606080859900e+07
9.563919597989950034e+02 7.820904453836778902e-01 4.415898427039021254e+07 1.565057399976573326e+07 1.204679498536262661e+07 7.185635325551857054e+07
9.815075376884423122e+02 8.026287333694474002e-01 4.414205477683689445e+07 1.476128936661853641e+07 1.204679498536262661e+07 7.095013912881806493e+07
1.006623115577889507e+03 8.231670213552169102e-01 4.412471906961263716e+07 1.394067773069182038e+07 1.204679498536262661e+07 7.011219178566709161e+07
1.031738693467336816e+03 8.437053093409864202e-01 4.410697947397091240e+07 1.318217078234679252e+07 1.204679498536262661e+07 6.933594524168032408e+07
1.056854271356784011e+03 8.642435973267559302e-01 4.408883835321821272e+07 1.247986875442473218e+07 1.204679498536262661e+07 6.861550209300556779e+07
1.081969849246231206e+03 8.847818853125253291e-01 4.407029810744718462e+07 1.182852398588938639e+07 1.204679498536262661e+07 6.794561707869920135e+07
1.107085427135678401e+03 9.053201732982948391e-01 4.405136117226832360e+07 1.122347678081548028e+07 1.204679498536262661e+07 6.732163293844643235e+07
1.132201005025125596e+03 9.258584612840642381e-01 4.403203001754110307e+07 1.066057891199849732e+07 1.204679498536262661e+07 6.673940391490222514e+07
1.157316582914573019e+03 9.463967492698338591e-01 4.401230714610663056e+07 1.013612700647549704e+07 1.204679498536262661e+07 6.619522913794475049e+07
1.182432160804020214e+03 9.669350372556033690e-01 4.399219509252262115e+07 9.646805470372635871e+06 1.204679498536262661e+07 6.568579554825787991e+07
1.207547738693467409e+03 9.874733252413728790e-01 4.397169642180203646e+07 9.189642213455438614e+06 1.204679498536262661e+07 6.520813362062010169e+07
1.232663316582914604e+03 1.008011613227142389e+00 4.395081372815698385e+07 8.761967696012122557e+06 1.204679498536262661e+07 6.475957640953173488e+07
1.257778894472361799e+03 1.028549901212911788e+00 4.392954963374845684e+07 8.361379076461976394e+06 1.204679498536262661e+07 6.433772369557306170e+07
1.282894472361809221e+03 1.049088189198681409e+00 4.390790678744377941e+07 7.985709188029789366e+06 1.204679498536262661e+07 6.394041096083619446e+07
1.308010050251256416e+03 1.069626477184450808e+00 4.388588786358235776e+07 7.632999618317699991e+06 1.204679498536262661e+07 6.356568246726268530e+07
1.333125628140703611e+03 1.090164765170220429e+00 4.386349556075093895e+07 7.301477392447469756e+06 1.204679498536262661e+07 6.321176793856103718e+07
1.358241206030150806e+03 1.110703053155989828e+00 4.384073260056954622e+07 6.989535995176768862e+06 1.204679498536262661e+07 6.287706358110894263e+07
1.383356783919598001e+03 1.131241341141759227e+00 4.381760172648880631e+07 6.695716675526005216e+06 1.204679498536262661e+07 6.256011338737744093e+07
1.408472361809045196e+03 1.151779629127528626e+00 4.379410570259983838e+07 6.418691389454348013e+06 1.204679498536262661e+07 6.225959207741681486e+07
1.433587939698492619e+03 1.172317917113298247e+00 4.377024731245738268e+07 6.157249134271407500e+06 1.204679498536262661e+07 6.197429143209141493e+07
1.458703517587939814e+03 1.192856205099067868e+00 4.374602935791714489e+07 5.910283940293283202e+06 1.204679498536262661e+07 6.170310828357305378e+07
1.483819095477387009e+03 1.213394493084837267e+00 4.372145465798796713e+07 5.676784263663634658e+06 1.204679498536262661e+07 6.144503390701422840e+07
1.508934673366834204e+03 1.233932781070606666e+00 4.369652604769977182e+07 5.455823597650887445e+06 1.204679498536262661e+07 6.119914463071328402e+07
1.534050251256281399e+03 1.254471069056376287e+00 4.367124637698778510e+07 5.246552145986500196e+06 1.204679498536262661e+07 6.096459350833690912e+07
1.559165829145728821e+03 1.275009357042145908e+00 4.364561850959376246e+07 5.048189423950355500e+06 1.204679498536262661e+07 6.074060291890674084e+07
1.584281407035176017e+03 1.295547645027915307e+00 4.361964532198468596e+07 4.860017671632842161e+06 1.204679498536262661e+07 6.052645797898015380e+07
1.609396984924623212e+03 1.316085933013684706e+00 4.359332970228958875e+07 4.681375979680472985e+06 1.204679498536262661e+07 6.032150066733268648e+07
1.634512562814070407e+03 1.336624220999454327e+00 4.356667454925522208e+07 4.511655028787323274e+06 1.204679498536262661e+07 6.012512456340517104e+07
1.659628140703517602e+03 1.357162508985223726e+00 4.353968277122021466e+07 4.350292128905890509e+06 1.204679498536262661e+07 5.993676988548873365e+07
1.684743718592965024e+03 1.377700796970993347e+00 4.351235728510929644e+07 4.196767084447032772e+06 1.204679498536262661e+07 5.975591935491895676e+07
1.709859296482412219e+03 1.398239084956762746e+00 4.348470101544690877e+07 4.050598720695182215e+06 1.204679498536262661e+07 5.958209472150471807e+07
1.734974874371859414e+03 1.418777372942532145e+00 4.345671689339113981e+07 3.911341479603065178e+06 1.204679498536262661e+07 5.941485335835683346e+07
1.760090452261306609e+03 1.439315660928301766e+00 4.342840785578793287e+07 3.778582342551713344e+06 1.204679498536262661e+07 5.925378518370227516e+07
1.785206030150753804e+03 1.459853948914071164e+00 4.339977684424617887e+07 3.651938056249173358e+06 1.204679498536262661e+07 5.909850988585797697e+07
1.810321608040201227e+03 1.480392236899840785e+00 4.337082680423339456e+07 3.531052628316586837e+06 1.204679498536262661e+07 5.894867441791260988e+07
1.835437185929648422e+03 1.500930524885610184e+00 4.334156068419256806e+07 3.415595063188965432e+06 1.204679498536262661e+07 5.880395073274415731e+07
1.860552763819095617e+03 1.521468812871379805e+00 4.331198143468011916e+07 3.305257312492666766e+06 1.204679498536262661e+07 5.866403373253541440e+07
1.885668341708542812e+03 1.542007100857149204e+00 4.328209200752518326e+07 3.199752417131891474e+06 1.204679498536262661e+07 5.852863941001970321e+07
1.910783919597990007e+03 1.562545388842918603e+00 4.325189535500996560e+07 3.098812820987590123e+06 1.204679498536262661e+07 5.839750316136018187e+07
1.935899497487437202e+03 1.583083676828688224e+00 4.322139442907170206e+07 3.002188838461238425e+06 1.204679498536262661e+07 5.827037825289556384e+07
1.961015075376884624e+03 1.603621964814457845e+00 4.319059218052577972e+07 2.909647260129284579e+06 1.204679498536262661e+07 5.814703442601769418e+07
1.986130653266331819e+03 1.624160252800227244e+00 4.315949155831017345e+07 2.820970082553609740e+06 1.204679498536262661e+07 5.802725662622641027e+07
2.011246231155779014e+03 1.644698540785996643e+00 4.312809550875119865e+07 2.735953349852246232e+06 1.204679498536262661e+07 5.791084384396607429e+07
2.036361809045226209e+03 1.665236828771766264e+00 4.309640697485032678e+07 2.654406096003468148e+06 1.204679498536262661e+07 5.779760805621641874e+07
2.061477386934673632e+03 1.685775116757535885e+00 4.306442889559219033e+07 2.576149371755267028e+06 1.204679498536262661e+07 5.768737325271008164e+07
2.086592964824120827e+03 1.706313404743305284e+00 4.303216420527321845e+07 2.501015335955187678e+06 1.204679498536262661e+07 5.757997452659103274e+07
2.111708542713568022e+03 1.726851692729074683e+00 4.299961583285142481e+07 2.428846472580117639e+06 1.204679498536262661e+07 5.747525729079417139e+07
2.136824120603015217e+03 1.747389980714844082e+00 4.296678670131651312e+07 2.359494858375784941e+06 1.204679498536262661e+07 5.737307654505492747e+07
2.161939698492462412e+03 1.767928268700613703e+00 4.293367972708037496e+07 2.292821479811631609e+06 1.204679498536262661e+07 5.727329619225463271e+07
2.187055276381909607e+03 1.788466556686383102e+00 4.290029781938788295e+07 2.228695605583822355e+06 1.204679498536262661e+07 5.717578841033433378e+07
2.212170854271356802e+03 1.809004844672152501e+00 4.286664387974768877e+07 2.166994209601995070e+06 1.204679498536262661e+07 5.708043307471231371e+07
2.237286432160803997e+03 1.829543132657922122e+00 4.283272080138246715e+07 2.107601439901020844e+06 1.204679498536262661e+07 5.698711722664611787e+07
2.262402010050251192e+03 1.850081420643691521e+00 4.279853146869888902e+07 2.050408129375079181e+06 1.204679498536262661e+07 5.689573458343659341e+07
2.287517587939698842e+03 1.870619708629461364e+00 4.276407875677657872e+07 1.995311344636851223e+06 1.204679498536262661e+07 5.680618508677605540e+07
2.312633165829146037e+03 1.891157996615230763e+00 4.272936553087612242e+07 1.942213969666715246e+06 1.204679498536262661e+07 5.671837448590546101e+07
2.337748743718593232e+03 1.911696284601000162e+00 4.269439464596549422e+07 1.891024321239785524e+06 1.204679498536262661e+07 5.663221395256790519e+07
2.362864321608040427e+03 1.932234572586769783e+00 4.265916894626493752e+07 1.841655793407452758e+06 1.204679498536262661e+07 5.654761972503501922e+07
2.387979899497487622e+03 1.952772860572539182e+00 4.262369126480973512e+07 1.794026528568623820e+06 1.204679498536262661e+07 5.646451277874098718e+07
2.413095477386934817e+03 1.973311148558308581e+00 4.258796442303074151e+07 1.748059112897355808e+06 1.204679498536262661e+07 5.638281852129072696e+07
2.438211055276382012e+03 1.993849436544078202e+00 4.255199123035205156e+07 1.703680294101418229e+06 1.204679498536262661e+07 5.630246650981609523e+07
2.463326633165829207e+03 2.014387724529847379e+00 4.251577448380590975e+07 1.660820719672892476e+06 1.204679498536262661e+07 5.622339018884143233e+07
2.488442211055276402e+03 2.034926012515617000e+00 4.247931696766403317e+07 1.619414693959650584e+06 1.204679498536262661e+07 5.614552664698631316e+07
2.513557788944723598e+03 2.055464300501386621e+00 4.244262145308549702e+07 1.579399952537569916e+06 1.204679498536262661e+07 5.606881639098569006e+07
2.538673366834170793e+03 2.076002588487155798e+00 4.240569069778047502e+07 1.540717452499361243e+06 1.204679498536262661e+07 5.599320313564246148e+07
2.563788944723618442e+03 2.096540876472925863e+00 4.236852744568952173e+07 1.503311177398592932e+06 1.204679498536262661e+07 5.591863360845074058e+07
2.588904522613065637e+03 2.117079164458695040e+00 4.233113442667819560e+07 1.467127953770148801e+06 1.204679498536262661e+07 5.584505736581096798e+07
2.614020100502512832e+03 2.137617452444464661e+00 4.229351435624676198e+07 1.432117274098586990e+06 1.204679498536262661e+07 5.577242661570797861e+07
2.639135678391960028e+03 2.158155740430234282e+00 4.225566993525423110e+07 1.398231147537213285e+06 1.204679498536262661e+07 5.570069606815407425e+07
2.664251256281407223e+03 2.178694028416003459e+00 4.221760384965663403e+07 1.365423956538673490e+06 1.204679498536262661e+07 5.562982279155793041e+07
2.689366834170854418e+03 2.199232316401773080e+00 4.217931877025937289e+07 1.333652319445823785e+06 1.204679498536262661e+07 5.555976607506782562e+07
2.714482412060301613e+03 2.219770604387542701e+00 4.214081735248284787e+07 1.302874962181134615e+06 1.204679498536262661e+07 5.549048730002661049e+07
2.739597989949748808e+03 2.240308892373311878e+00 4.210210223614137620e+07 1.273052598360097967e+06 1.204679498536262661e+07 5.542194981986410171e+07
2.764713567839196003e+03 2.260847180359081499e+00 4.206317604523494840e+07 1.244147817206906155e+06 1.204679498536262661e+07 5.535411884780447930e+07
2.789829145728643198e+03 2.281385468344851120e+00 4.202404138775327057e+07 1.216124978701594984e+06 1.204679498536262661e+07 5.528696135181748867e+07
2.814944723618090393e+03 2.301923756330620296e+00 4.198470085549223423e+07 1.188950115434094099e+06 1.204679498536262661e+07 5.522044595628895611e+07
2.840060301507538043e+03 2.322462044316390362e+00 4.194515702388198674e+07 1.162590840682861861e+06 1.204679498536262661e+07 5.515454284992747754e+07
2.865175879396985238e+03 2.343000332302159539e+00 4.190541245182642341e+07 1.137016262274242472e+06 1.204679498536262661e+07 5.508922369946329296e+07
2.890291457286432433e+03 2.363538620287929160e+00 4.186546968155395240e+07 1.112196901813760167e+06 1.204679498536262661e+07 5.502446156873033941e+07
2.915407035175879628e+03 2.384076908273698781e+00 4.182533123847895861e+07 1.088104618912664475e+06 1.204679498536262661e+07 5.496023084275425225e+07
2.940522613065326823e+03 2.404615196259467957e+00 4.178499963107376546e+07 1.064712540062305750e+06 1.204679498536262661e+07 5.489650715649870038e+07
2.965638190954774018e+03 2.425153484245237578e+00 4.174447735075086355e+07 1.041994991835736088e+06 1.204679498536262661e+07 5.483326732794922590e+07
2.990753768844221213e+03 2.445691772231006755e+00 4.170376687175472826e+07 1.019927438120468520e+06 1.204679498536262661e+07 5.477048929523782432e+07
3.015869346733668408e+03 2.466230060216776376e+00 4.166287065106351674e+07 9.984864211087790318e+05 1.204679498536262661e+07 5.470815205753492564e+07
3.040984924623115603e+03 2.486768348202545997e+00 4.162179112829963863e+07 9.776495057925578440e+05 1.204679498536262661e+07 5.464623561945482343e+07
3.066100502512562798e+03 2.507306636188315174e+00 4.158053072564961761e+07 9.573952277286103927e+05 1.204679498536262661e+07 5.458472093874085695e+07
3.091216080402010448e+03 2.527844924174085239e+00 4.153909184779234231e+07 9.377030438576407032e+05 1.204679498536262661e+07 5.452358987701261044e+07
3.116331658291457643e+03 2.548383212159854860e+00 4.149747688183577359e+07 9.185532861761262175e+05 1.204679498536262661e+07 5.446282515337452292e+07
3.141447236180904838e+03 2.568921500145624037e+00 4.145568819726169109e+07 8.999271180748963961e+05 1.204679498536262661e+07 5.440241030069921166e+07
3.166562814070352033e+03 2.589459788131393658e+00 4.141372814587838203e+07 8.818064931717567379e+05 1.204679498536262661e+07 5.434232962441276759e+07
3.191678391959799228e+03 2.609998076117162835e+00 4.137159906178059429e+07 8.641741164778674720e+05 1.204679498536262661e+07 5.428256816362109035e+07
3.216793969849246423e+03 2.630536364102932456e+00 4.132930326131708175e+07 8.470134077490497148e+05 1.204679498536262661e+07 5.422311165442875773e+07
3.241909547738693618e+03 2.651074652088702077e+00 4.128684304306485504e+07 8.303084669298975496e+05 1.204679498536262661e+07 5.416394649535737932e+07
3.267025125628140813e+03 2.671612940074471254e+00 4.124422068781037629e+07 8.140440428222889313e+05 1.204679498536262661e+07 5.410505971599528939e+07
3.292140703517588008e+03 2.692151228060240875e+00 4.120143845853725076e+07 7.982055022234430071e+05 1.204679498536262661e+07 5.404643894612331688e+07
3.317256281407035203e+03 2.712689516046010496e+00 4.115849860042013228e+07 7.827787990372536005e+05 1.204679498536262661e+07 5.398807238482001424e+07
3.342371859296482398e+03 2.733227804031779673e+00 4.111540334082466364e+07 7.677504465924174292e+05 1.204679498536262661e+07 5.392994877277971059e+07
3.367487437185930048e+03 2.753766092017549738e+00 4.107215488931323588e+07 7.531074915449423715e+05 1.204679498536262661e+07 5.387205736622080207e+07
3.392603015075377243e+03 2.774304380003318915e+00 4.102875543765640259e+07 7.388374891746335197e+05 1.204679498536262661e+07 5.381438791219366342e+07
3.417718592964824438e+03 2.794842667989088536e+00 4.098520715984953940e+07 7.249284799917683704e+05 1.204679498536262661e+07 5.375693062520393729e+07
3.442834170854271633e+03 2.815380955974858157e+00 4.094151221213468909e+07 7.113689675757829100e+05 1.204679498536262661e+07 5.369967616507309675e+07
3.467949748743718828e+03 2.835919243960627334e+00 4.089767273302742839e+07 6.981478975729423109e+05 1.204679498536262661e+07 5.364261561596299708e+07
3.493065326633166023e+03 2.856457531946396955e+00 4.085369084334842861e+07 6.852546377847838448e+05 1.204679498536262661e+07 5.358574046649584174e+07
3.518180904522613218e+03 2.876995819932166576e+00 4.080956864625942707e+07 6.726789592835878721e+05 1.204679498536262661e+07 5.352904259090564400e+07
3.543296482412060413e+03 2.897534107917935753e+00 4.076530822730389237e+07 6.604110184952489799e+05 1.204679498536262661e+07 5.347251423116176575e+07
3.568412060301507609e+03 2.918072395903705374e+00 4.072091165445139259e+07 6.484413401937759481e+05 1.204679498536262661e+07 5.341614798000779748e+07
3.593527638190954804e+03 2.938610683889474995e+00 4.067638097814652324e+07 6.367608013552215416e+05 1.204679498536262661e+07 5.335993676486437023e+07
3.618643216080402453e+03 2.959148971875244616e+00 4.063171823136106133e+07 6.253606158221449004e+05 1.204679498536262661e+07 5.330387383254583180e+07
3.643758793969849648e+03 2.979687259861014237e+00 4.058692542965022475e+07 6.142323197328149108e+05 1.204679498536262661e+07 5.324795273474566638e+07
3.668874371859296843e+03 3.000225547846783414e+00 4.054200457121219486e+07 6.033677576722304802e+05 1.204679498536262661e+07 5.319216731424704939e+07
3.693989949748744039e+03 3.020763835832553035e+00 4.049695763695094734e+07 5.927590695047028130e+05 1.204679498536262661e+07 5.313651169181827456e+07
3.719105527638191234e+03 3.041302123818322656e+00 4.045178659054238349e+07 5.823986778502453817e+05 1.204679498536262661e+07 5.308098025375525653e+07
3.744221105527638429e+03 3.061840411804091833e+00 4.040649337850344926e+07 5.722792761693381472e+05 1.204679498536262661e+07 5.302556764003541321e+07
3.769336683417085624e+03 3.082378699789861454e+00 4.036107993026392162e+07 5.623938174227921991e+05 1.204679498536262661e+07 5.297026873304934055e+07
3.794452261306532819e+03 3.102916987775630631e+00 4.031554815824125707e+07 5.527355032754717395e+05 1.204679498536262661e+07 5.291507864687935263e+07
3.819567839195980014e+03 3.123455275761400252e+00 4.026989995791772753e+07 5.432977738145024050e+05 1.204679498536262661e+07 5.285999271709485352e+07
3.844683417085427209e+03 3.143993563747169873e+00 4.022413720792024583e+07 5.340742977543777088e+05 1.204679498536262661e+07 5.280500649103724957e+07
3.869798994974874404e+03 3.164531851732939050e+00 4.017826177010238916e+07 5.250589631029849406e+05 1.204679498536262661e+07 5.275011571856799722e+07
3.894914572864322054e+03 3.185070139718709115e+00 4.013227548962868005e+07 5.162458682641510968e+05 1.204679498536262661e+07 5.269531634325546026e+07
3.920030150753769249e+03 3.205608427704478736e+00 4.008618019506095350e+07 5.076293135537101771e+05 1.204679498536262661e+07 5.264060449397729337e+07
3.945145728643216444e+03 3.226146715690247913e+00 4.003997769844664633e+07 4.992037931074593216e+05 1.204679498536262661e+07 5.258597647691673040e+07
3.970261306532663639e+03 3.246685003676017534e+00 3.999366979540906101e+07 4.909639871606160887e+05 1.204679498536262661e+07 5.253142876793230325e+07
3.995376884422110834e+03 3.267223291661786710e+00 3.994725826523920894e+07 4.829047546795851667e+05 1.204679498536262661e+07 5.247695800528141856e+07
4.020492462311558029e+03 3.287761579647556331e+00 3.990074487098956853e+07 4.750211263279133127e+05 1.204679498536262661e+07 5.242256098268011212e+07
4.045608040201005224e+03 3.308299867633325952e+00 3.985413135956899077e+07 4.673082977493830840e+05 1.204679498536262661e+07 5.236823464268100262e+07
4.070723618090452419e+03 3.328838155619095129e+00 3.980741946183945984e+07 4.597616231514771353e+05 1.204679498536262661e+07 5.231397607035356015e+07
4.095839195979899614e+03 3.349376443604864750e+00 3.976061089271397889e+07 4.523766087555655977e+05 1.204679498536262661e+07 5.225978248683217168e+07
4.120954773869347264e+03 3.369914731590634371e+00 3.971370735125568509e+07 4.451489062831040937e+05 1.204679498536262661e+07 5.220565124290141463e+07
4.146070351758794459e+03 3.390453019576403992e+00 3.966671052077834308e+07 4.380743083966966369e+05 1.204679498536262661e+07 5.215157981453766674e+07
4.171185929648241654e+03 3.410991307562173613e+00 3.961962206894767284e+07 4.311487435356696369e+05 1.204679498536262661e+07 5.209756579784596711e+07
4.196301507537688849e+03 3.431529595547942790e+00 3.957244364788392931e+07 4.243682707819415955e+05 1.204679498536262661e+07 5.204360690402849764e+07
4.221417085427136044e+03 3.452067883533712411e+00 3.952517689426518232e+07 4.177290749483664404e+05 1.204679498536262661e+07 5.198970095457617193e+07
4.246532663316583239e+03 3.472606171519482032e+00 3.947782342943160236e+07 4.112274618787042564e+05 1.204679498536262661e+07 5.193584587667293102e+07
4.271648241206030434e+03 3.493144459505251209e+00 3.943038485949049890e+07 4.048598539489374380e+05 1.204679498536262661e+07 5.188203969880206138e+07
4.296763819095477629e+03 3.513682747491020830e+00 3.938286277542202175e+07 3.986227857602183940e+05 1.204679498536262661e+07 5.182828054654486477e+07
4.321879396984924824e+03 3.534221035476790451e+00 3.933525875318550318e+07 3.925129000142571749e+05 1.204679498536262661e+07 5.177456663856238872e+07
4.346994974874372019e+03 3.554759323462559628e+00 3.928757435382635891e+07 3.865269435624361504e+05 1.204679498536262661e+07 5.172089628275141865e+07
4.372110552763819214e+03 3.575297611448329249e+00 3.923981112358367443e+07 3.806617636204143637e+05 1.204679498536262661e+07 5.166726787256671488e+07
4.397226130653266409e+03 3.595835899434098870e+00 3.919197059399800003e+07 3.749143041404116666e+05 1.204679498536262661e+07 5.161367988350103796e+07
4.422341708542713604e+03 3.616374187419868047e+00 3.914405428201960027e+07 3.692816023337669903e+05 1.204679498536262661e+07 5.156013086971599609e+07
4.447457286432160799e+03 3.636912475405637668e+00 3.909606369011716545e+07 3.637607853367657517e+05 1.204679498536262661e+07 5.150661946081655473e+07
4.472572864321607994e+03 3.657450763391406845e+00 3.904800030638670921e+07 3.583490670130811050e+05 1.204679498536262661e+07 5.145314435876241326e+07
4.497688442211055190e+03 3.677989051377176466e+00 3.899986560466066748e+07 3.530437448865238694e+05 1.204679498536262661e+07 5.139970433490981907e+07
4.522804020100502385e+03 3.698527339362946087e+00 3.895166104461724311e+07 3.478421971981194802e+05 1.204679498536262661e+07 5.134629822717799246e+07
4.547919597989949580e+03 3.719065627348715264e+00 3.890338807188986242e+07 3.427418800818299642e+05 1.204679498536262661e+07 5.129292493733432144e+07
4.573035175879397684e+03 3.739603915334485773e+00 3.885504811817677319e+07 3.377403248535367311e+05 1.204679498536262661e+07 5.123958342839293927e+07
4.598150753768844879e+03 3.760142203320254950e+00 3.880664260135052353e+07 3.328351354081636528e+05 1.204679498536262661e+07 5.118627272212131321e+07
4.623266331658292074e+03 3.780680491306024571e+00 3.875817292556764185e+07 3.280239857200792758e+05 1.204679498536262661e+07 5.113299189665034413e+07
4.648381909547739269e+03 3.801218779291794192e+00 3.870964048137813807e+07 3.233046174421631149e+05 1.204679498536262661e+07 5.107974008418292552e+07
4.673497487437186464e+03 3.821757067277563369e+00 3.866104664583510160e+07 3.186748375991478679e+05 1.204679498536262661e+07 5.102651646879687905e+07
4.698613065326633659e+03 3.842295355263332990e+00 3.861239278260392696e+07 3.141325163710615016e+05 1.204679498536262661e+07 5.097332028433761746e+07
4.723728643216080854e+03 3.862833643249102611e+00 3.856368024207160622e+07 3.096755849628118449e+05 1.204679498536262661e+07 5.092015081239704788e+07
4.748844221105528050e+03 3.883371931234871788e+00 3.851491036145578325e+07 3.053020335561335087e+05 1.204679498536262661e+07 5.086700738037454337e+07
4.773959798994975245e+03 3.903910219220641409e+00 3.846608446491354704e+07 3.010099093403124716e+05 1.204679498536262661e+07 5.081388935961648822e+07
4.799075376884422440e+03 3.924448507206410586e+00 3.841720386365009844e+07 2.967973146182773635e+05 1.204679498536262661e+07 5.076079616363099962e+07
4.824190954773869635e+03 3.944986795192180207e+00 3.836826985602691770e+07 2.926624049847970600e+05 1.204679498536262661e+07 5.070772724637433887e+07
4.849306532663316830e+03 3.965525083177949828e+00 3.831928372766995430e+07 2.886033875737046474e+05 1.204679498536262661e+07 5.065468210060628504e+07
4.874422110552764025e+03 3.986063371163719005e+00 3.827024675157718360e+07 2.846185193711874890e+05 1.204679498536262661e+07 5.060166025631099939e+07
4.899537688442211220e+03 4.006601659149488626e+00 3.822116018822600693e+07 2.807061055923463427e+05 1.204679498536262661e+07 5.054866127918098122e+07
4.924653266331658415e+03 4.027139947135258247e+00 3.817202528568022698e+07 2.768644981183458003e+05 1.204679498536262661e+07 5.049568476916120201e+07
4.949768844221105610e+03 4.047678235121027868e+00 3.812284327969647199e+07 2.730920939916052739e+05 1.204679498536262661e+07 5.044273035905070603e+07
4.974884422110552805e+03 4.068216523106796600e+00 3.807361539383058995e+07 2.693873339666073443e+05 1.204679498536262661e+07 5.038979771315982193e+07
5.000000000000000000e+03 4.088754811092566221e+00 3.802434283954305202e+07 2.657487011139991228e+05 1.204679498536262661e+07 5.033688652601967752e+07
