2.000000000000000000e+00 7.320506019293182841e-07
2.209045226130653106e+01 1.142674406222503693e-06
4.218090452261306211e+01 1.435736670703547797e-06
6.227135678391959317e+01 1.637407579308927370e-06
8.236180904522612423e+01 1.768706343184673441e-06
1.024522613065326482e+02 1.845292828752338227e-06
1.225427135678391863e+02 1.879188042938987452e-06
1.426331658291457245e+02 1.880110439627887388e-06
1.627236180904522485e+02 1.856315026502167928e-06
1.828140703517587724e+02 1.814811853484878169e-06
2.029045226130652964e+02 1.761753152551690884e-06
2.229949748743718487e+02 1.702011449806583412e-06
2.430854271356783727e+02 1.639958261350843238e-06
2.631758793969848966e+02 1.578826274717032918e-06
2.832663316582914490e+02 1.520628934540077342e-06
3.033567839195979445e+02 1.467207455467236450e-06
3.234472361809044969e+02 1.419500858525206022e-06
3.435376884422110493e+02 1.377699837297436360e-06
3.636281407035175448e+02 1.341625976721351249e-06
3.837185929648240972e+02 1.310916431697575267e-06
4.038090452261305927e+02 1.285020187029092238e-06
4.238994974874371451e+02 1.263074387837180444e-06
4.439899497487436975e+02 1.244247017924063467e-06
4.640804020100501930e+02 1.227644350481743269e-06
4.841708542713567454e+02 1.212438120508844699e-06
5.042613065326632977e+02 1.197876412935733163e-06
5.243517587939697933e+02 1.183324617037986043e-06
5.444422110552762888e+02 1.168300551320060173e-06
5.645326633165828980e+02 1.152487540779522187e-06
5.846231155778893935e+02 1.135737288706071140e-06
6.047135678391958891e+02 1.118061117336690749e-06
6.248040201005024983e+02 1.099610104555043370e-06
6.448944723618089938e+02 1.080643154877513772e-06
6.649849246231154893e+02 1.061490932343756096e-06
6.850753768844220986e+02 1.042518064642158824e-06
7.051658291457285941e+02 1.024088051858635635e-06
7.252562814070350896e+02 1.006534465048814295e-06
7.453467336683416988e+02 9.901356719679661346e-07
7.654371859296481944e+02 9.751001116182621286e-07
7.855276381909546899e+02 9.615608797058512968e-07
8.056180904522611854e+02 9.495746796042116083e-07
8.257085427135677946e+02 9.391243831017754279e-07
8.457989949748742902e+02 9.301309007092993157e-07
8.658894472361807857e+02 9.224646068575721502e-07
8.859798994974873949e+02 9.159510856979217019e-07
9.060703517587938904e+02 9.103885399662648342e-07
9.261608040201003860e+02 9.055594207706314531e-07
9.462512562814069952e+02 9.012374934284787107e-07
9.663417085427134907e+02 8.972057352612266670e-07
9.864321608040199862e+02 8.932627252665759638e-07
1.006522613065326595e+03 8.892354754711450675e-07
1.026613065326632977e+03 8.849871712762541250e-07
1.046703517587939587e+03 8.804220699614061975e-07
1.066793969849246196e+03 8.754912265429498797e-07
1.086884422110552578e+03 8.701862385556518107e-07
1.106974874371859187e+03 8.645443830764210085e-07
1.127065326633165796e+03 8.586295414312882481e-07
1.147155778894472178e+03 8.525382281199470258e-07
1.167246231155778787e+03 8.463748807689125759e-07
1.187336683417085396e+03 8.402555776659415690e-07
1.207427135678391778e+03 8.342880621598243166e-07
1.227517587939698387e+03 8.285748777192563564e-07
1.247608040201004997e+03 8.231982441448455942e-07
1.267698492462311378e+03 8.182231138728862393e-07
1.287788944723617988e+03 8.136903426358075460e-07
1.307879396984924597e+03 8.096170746030623055e-07
1.327969849246230979e+03 8.060030897401096222e-07
1.348060301507537588e+03 8.028239052006315747e-07
1.368150753768844197e+03 8.000468363627828659e-07
1.388241206030150579e+03 7.976140824849581699e-07
1.408331658291457188e+03 7.954672524646662337e-07
1.428422110552763797e+03 7.935408556870939380e-07
1.448512562814070179e+03 7.917705233262026516e-07
1.468603015075376788e+03 7.900930927758408826e-07
1.488693467336683398e+03 7.884453146563435874e-07
1.508783919597989780e+03 7.867722832800857046e-07
1.528874371859296389e+03 7.850283245815887474e-07
1.548964824120602998e+03 7.831758446244151271e-07
1.569055276381909380e+03 7.811973553577224164e-07
1.589145728643215989e+03 7.790907687036948061e-07
1.609236180904522371e+03 7.768615605690058475e-07
1.629326633165828980e+03 7.745354165405818206e-07
1.649417085427135589e+03 7.721405345246231527e-07
1.669507537688441971e+03 7.697097135607082753e-07
1.689597989949748580e+03 7.672821188260652613e-07
1.709688442211055190e+03 7.648919758833067955e-07
1.729778894472361571e+03 7.625705113891328447e-07
1.749869346733668181e+03 7.603453087083922644e-07
1.769959798994974790e+03 7.582384107299538247e-07
1.790050251256281172e+03 7.562639637308153678e-07
1.810140703517587781e+03 7.544315896702565955e-07
1.830231155778894390e+03 7.527472224627444704e-07
1.850321608040200772e+03 7.512066591083820132e-07
1.870412060301507381e+03 7.498028238093590135e-07
1.890502512562813990e+03 7.485273756172843661e-07
1.910592964824120372e+03 7.473616007479322866e-07
1.930683417085426981e+03 7.462848012036775240e-07
1.950773869346733591e+03 7.452780297654221807e-07
1.970864321608039972e+03 7.443195336150114959e-07
1.990954773869346582e+03 7.433874090268671566e-07
2.011045226130653191e+03 7.424622268632721246e-07
2.031135678391959573e+03 7.415291981461695632e-07
2.051226130653265955e+03 7.405775750132916636e-07
2.071316582914572791e+03 7.395980788179909351e-07
2.091407035175879173e+03 7.385853205208318923e-07
2.111497487437185555e+03 7.375407328965859435e-07
2.131587939698492391e+03 7.364667211714612201e-07
2.151678391959798773e+03 7.353663703410324721e-07
2.171768844221105155e+03 7.342484250679674106e-07
2.191859296482411992e+03 7.331237588196390710e-07
2.211949748743718374e+03 7.320020609950092838e-07
2.232040201005024755e+03 7.308930853169495342e-07
2.252130653266331592e+03 7.298082167572929121e-07
2.272221105527637974e+03 7.287577372869677932e-07
2.292311557788944356e+03 7.277504083848401414e-07
2.312402010050251192e+03 7.267912703279238950e-07
2.332492462311557574e+03 7.258820502373545242e-07
2.352582914572863956e+03 7.250240070661363259e-07
2.372673366834170793e+03 7.242177780687383076e-07
2.392763819095477174e+03 7.234597829688605821e-07
2.412854271356783556e+03 7.227441514901052756e-07
2.432944723618090393e+03 7.220655173562624780e-07
2.453035175879396775e+03 7.214188266735044708e-07
2.473125628140703157e+03 7.207976934029644284e-07
2.493216080402009993e+03 7.201952943366363893e-07
2.513306532663316375e+03 7.196054264827879754e-07
2.533396984924622757e+03 7.190225031401079476e-07
2.553487437185929593e+03 7.184420076578517327e-07
2.573577889447235975e+03 7.178602714147769209e-07
2.593668341708542357e+03 7.172740148237684121e-07
2.613758793969849194e+03 7.166803539059259231e-07
2.633849246231155576e+03 7.160786588769445323e-07
2.653939698492461957e+03 7.154712192529954685e-07
2.674030150753768794e+03 7.148603718350046089e-07
2.694120603015075176e+03 7.142482592275310665e-07
2.714211055276381558e+03 7.136370930258549590e-07
2.734301507537688394e+03 7.130301080672019473e-07
2.754391959798994776e+03 7.124305813657582738e-07
2.774482412060301158e+03 7.118414447375602889e-07
2.794572864321607994e+03 7.112653046413835131e-07
2.814663316582914376e+03 7.107041857206696790e-07
2.834753768844220758e+03 7.101594475232844149e-07
2.854844221105527595e+03 7.096322433827923133e-07
2.874934673366833977e+03 7.091235766953282758e-07
2.895025125628140358e+03 7.086342246077655517e-07
2.915115577889447195e+03 7.081632862160427065e-07
2.935206030150753577e+03 7.077086183202677550e-07
2.955296482412059959e+03 7.072682071538353318e-07
2.975386934673366795e+03 7.068401967347862237e-07
2.995477386934673177e+03 7.064228570347378100e-07
3.015567839195979559e+03 7.060143108119298086e-07
3.035658291457286396e+03 7.056126110707473402e-07
3.055748743718592777e+03 7.052159621201286753e-07
3.075839195979899159e+03 7.048227154636080612e-07
3.095929648241205996e+03 7.044313741513382881e-07
3.116020100502512378e+03 7.040410958335972559e-07
3.136110552763818760e+03 7.036517918653526448e-07
3.156201005025125596e+03 7.032634311072572582e-07
3.176291457286431978e+03 7.028759898782475010e-07
3.196381909547738360e+03 7.024894514701605725e-07
3.216472361809044742e+03 7.021039853775748592e-07
3.236562814070351578e+03 7.017205380215382006e-07
3.256653266331657960e+03 7.013401909458910690e-07
3.276743718592964342e+03 7.009639304911313685e-07
3.296834170854271179e+03 7.005926533622250015e-07
3.316924623115577560e+03 7.002271705294479711e-07
3.337015075376883942e+03 6.998680378738376813e-07
3.357105527638190779e+03 6.995154345570861712e-07
3.377195979899497161e+03 6.991694807808768679e-07
3.397286432160803543e+03 6.988302765165975729e-07
3.417376884422110379e+03 6.984979032673126706e-07
3.437467336683416761e+03 6.981724230918842935e-07
3.457557788944723143e+03 6.978536552811893579e-07
3.477648241206029979e+03 6.975410297149939161e-07
3.497738693467336361e+03 6.972339734968152800e-07
3.517829145728642743e+03 6.969319511719953514e-07
3.537919597989949580e+03 6.966344622804355603e-07
3.558010050251255961e+03 6.963410391333569838e-07
3.578100502512562343e+03 6.960512375322541460e-07
3.598190954773869180e+03 6.957646120950444344e-07
3.618281407035175562e+03 6.954807394929160654e-07
3.638371859296481944e+03 6.951992254736577264e-07
3.658462311557788780e+03 6.949197032807316131e-07
3.678552763819095162e+03 6.946418322097691984e-07
3.698643216080401544e+03 6.943652988392193661e-07
3.718733668341708380e+03 6.940900090696948466e-07
3.738824120603014762e+03 6.938162030075263565e-07
3.758914572864321144e+03 6.935441334360730083e-07
3.779005025125627981e+03 6.932740330756036514e-07
3.799095477386934363e+03 6.930061156118858266e-07
3.819185929648240744e+03 6.927405767114666670e-07
3.839276381909547581e+03 6.924775949572795511e-07
3.859366834170853963e+03 6.922173201077277214e-07
3.879457286432160345e+03 6.919598598877467257e-07
3.899547738693467181e+03 6.917053071640090449e-07
3.919638190954773563e+03 6.914537446252176666e-07
3.939728643216079945e+03 6.912052454497644528e-07
3.959819095477386782e+03 6.909598739470469486e-07
3.979909547738693163e+03 6.907176861723741733e-07
4.000000000000000000e+03 6.904787168091298910e-07
