2.000000000000000000e+00 3.989050138247820585e-07
2.711557788944723768e+01 1.225880679286900532e-06
5.223115577889447536e+01 7.258738151099810832e-07
7.734673366834171304e+01 5.511196606117028011e-07
1.024623115577889507e+02 3.719643470196474548e-07
1.275778894472361884e+02 2.851406124576491163e-07
1.526934673366834261e+02 2.383555177758064648e-07
1.778090452261306496e+02 1.843323094368673755e-07
2.029246231155779014e+02 1.615122876690758045e-07
2.280402010050251533e+02 1.406511755810451526e-07
2.531557788944723768e+02 1.211741913504744684e-07
2.782713567839196003e+02 1.111920708237266469e-07
3.033869346733668522e+02 1.008312556445588367e-07
3.285025125628141041e+02 9.233106417769156622e-08
3.536180904522612991e+02 8.675386862801076244e-08
3.787336683417085510e+02 8.122145809149524521e-08
4.038492462311558029e+02 7.680984991846643101e-08
4.289648241206030548e+02 7.338870242652395729e-08
4.540804020100503067e+02 7.021211076202110322e-08
4.791959798994975017e+02 6.759597107546578429e-08
5.043115577889447536e+02 6.540672326697287260e-08
5.294271356783920055e+02 6.343066147238488327e-08
5.545427135678392006e+02 6.174646848380051600e-08
5.796582914572865093e+02 6.028043986415734496e-08
6.047738693467337043e+02 5.897068994659085324e-08
6.298894472361808994e+02 5.782181727818492076e-08
6.550050251256282081e+02 5.680127388996062785e-08
6.801206030150754032e+02 5.588493612282974315e-08
7.052361809045225982e+02 5.506687352480961197e-08
7.303517587939699069e+02 5.432943817758543732e-08
7.554673366834171020e+02 5.366147548077294527e-08
7.805829145728644107e+02 5.305600964623262511e-08
8.056984924623116058e+02 5.250517839838342102e-08
8.308140703517588008e+02 5.200176141156340735e-08
8.559296482412061096e+02 5.154001172692546583e-08
8.810452261306533046e+02 5.111522964368225524e-08
9.061608040201006133e+02 5.072332934335882022e-08
9.312763819095478084e+02 5.036071020886607290e-08
9.563919597989950034e+02 5.002420729180203137e-08
9.815075376884423122e+02 4.971105529955251548e-08
1.006623115577889507e+03 4.941883079503283304e-08
1.031738693467336816e+03 4.914540199846077250e-08
1.056854271356784011e+03 4.888888800926324422e-08
1.081969849246231206e+03 4.864762653364308489e-08
1.107085427135678401e+03 4.842014465761935261e-08
1.132201005025125596e+03 4.820513392611421290e-08
1.157316582914573019e+03 4.800142914186359455e-08
1.182432160804020214e+03 4.780799036663789074e-08
1.207547738693467409e+03 4.762388835355951382e-08
1.232663316582914604e+03 4.744829046248938819e-08
1.257778894472361799e+03 4.728044844401485067e-08
1.282894472361809221e+03 4.711968860345075042e-08
1.308010050251256416e+03 4.696540327501360193e-08
1.333125628140703611e+03 4.681704340205896393e-08
1.358241206030150806e+03 4.667411206326976877e-08
1.383356783919598001e+03 4.653615881018886496e-08
1.408472361809045196e+03 4.640277470257197715e-08
1.433587939698492619e+03 4.627358794552632086e-08
1.458703517587939814e+03 4.614825998907886758e-08
1.483819095477387009e+03 4.602648198220951501e-08
1.508934673366834204e+03 4.590797199974281388e-08
1.534050251256281399e+03 4.579247244018885038e-08
1.559165829145728821e+03 4.567974765127306327e-08
1.584281407035176017e+03 4.556958181846048697e-08
1.609396984924623212e+03 4.546177708387748270e-08
1.634512562814070407e+03 4.535615186749225166e-08
1.659628140703517602e+03 4.525253936620918597e-08
1.684743718592965024e+03 4.515078620976701759e-08
1.709859296482412219e+03 4.505075125509675126e-08
1.734974874371859414e+03 4.495230450316591525e-08
1.760090452261306609e+03 4.485532612437097096e-08
1.785206030150753804e+03 4.475970558029308753e-08
1.810321608040201227e+03 4.466534083098312786e-08
1.835437185929648422e+03 4.457213760912875321e-08
1.860552763819095617e+03 4.448000876900300937e-08
1.885668341708542812e+03 4.438887371543521909e-08
1.910783919597990007e+03 4.429865787168106836e-08
1.935899497487437202e+03 4.420929219464411755e-08
1.961015075376884624e+03 4.412071273398131531e-08
1.986130653266331819e+03 4.403286023064150924e-08
2.011246231155779014e+03 4.394567975088555133e-08
2.036361809045226209e+03 4.385912035227583559e-08
2.061477386934673632e+03 4.377313477850705602e-08
2.086592964824120827e+03 4.368767918028958053e-08
2.111708542713568022e+03 4.360271285979539542e-08
2.136824120603015217e+03 4.351819803644017454e-08
2.161939698492462412e+03 4.343409963200806715e-08
2.187055276381909607e+03 4.335038507333211700e-08
2.212170854271356802e+03 4.326702411092657512e-08
2.237286432160803997e+03 4.318398865212916484e-08
2.262402010050251192e+03 4.310125260745641886e-08
2.287517587939698842e+03 4.301879174832958012e-08
2.312633165829146037e+03 4.293658357157584627e-08
2.337748743718593232e+03 4.285460718267121083e-08
2.362864321608040427e+03 4.277284318749433102e-08
2.387979899497487622e+03 4.269127358917439230e-08
2.413095477386934817e+03 4.260988169262770918e-08
2.438211055276382012e+03 4.252865201616764023e-08
2.463326633165829207e+03 4.244757020960536947e-08
2.488442211055276402e+03 4.236662297831123208e-08
2.513557788944723598e+03 4.228579801275513900e-08
2.538673366834170793e+03 4.220508392308690704e-08
2.563788944723618442e+03 4.212447017835744946e-08
2.588904522613065637e+03 4.204394705001524624e-08
2.614020100502512832e+03 4.196350555934627550e-08
2.639135678391960028e+03 4.188313742855231534e-08
2.664251256281407223e+03 4.180283503519012692e-08
2.689366834170854418e+03 4.172259136971644254e-08
2.714482412060301613e+03 4.164239999590575214e-08
2.739597989949748808e+03 4.156225501392682681e-08
2.764713567839196003e+03 4.148215102588201051e-08
2.789829145728643198e+03 4.140208310362859727e-08
2.814944723618090393e+03 4.132204675871705616e-08
2.840060301507538043e+03 4.124203791429381679e-08
2.865175879396985238e+03 4.116205287884219587e-08
2.890291457286432433e+03 4.108208832230183841e-08
2.915407035175879628e+03 4.100214125325495076e-08
2.940522613065326823e+03 4.092220899633205407e-08
2.965638190954774018e+03 4.084228917197761785e-08
2.990753768844221213e+03 4.076237967757226982e-08
3.015869346733668408e+03 4.068247866973718568e-08
3.040984924623115603e+03 4.060258454774062772e-08
3.066100502512562798e+03 4.052269593793294677e-08
3.091216080402010448e+03 4.044281167914101439e-08
3.116331658291457643e+03 4.036293080895943140e-08
3.141447236180904838e+03 4.028305255087881671e-08
3.166562814070352033e+03 4.020317630219718463e-08
3.191678391959799228e+03 4.012330162266350293e-08
3.216793969849246423e+03 4.004342822380593789e-08
3.241909547738693618e+03 3.996355595890189899e-08
3.267025125628140813e+03 3.988368481354792185e-08
3.292140703517588008e+03 3.980381489679278833e-08
3.317256281407035203e+03 3.972394643279743502e-08
3.342371859296482398e+03 3.964407975298966129e-08
3.367487437185930048e+03 3.956421528868227688e-08
3.392603015075377243e+03 3.948435356412683610e-08
3.417718592964824438e+03 3.940449518997549645e-08
3.442834170854271633e+03 3.932464085712684117e-08
3.467949748743718828e+03 3.924479133093192238e-08
3.493065326633166023e+03 3.916494744573907779e-08
3.518180904522613218e+03 3.908511009975707288e-08
3.543296482412060413e+03 3.900528025021761636e-08
3.568412060301507609e+03 3.892545890881957358e-08
3.593527638190954804e+03 3.884564713743809616e-08
3.618643216080402453e+03 3.876584604396626592e-08
3.643758793969849648e+03 3.868605677804483126e-08
3.668874371859296843e+03 3.860628052795034702e-08
3.693989949748744039e+03 3.852651851742091193e-08
3.719105527638191234e+03 3.844677200246717558e-08
3.744221105527638429e+03 3.836704226836901766e-08
3.769336683417085624e+03 3.828733062684721896e-08
3.794452261306532819e+03 3.820763841340017136e-08
3.819567839195980014e+03 3.812796698479630297e-08
3.844683417085427209e+03 3.804831771671333780e-08
3.869798994974874404e+03 3.796869200151603857e-08
3.894914572864322054e+03 3.788909124616469716e-08
3.920030150753769249e+03 3.780951687024723876e-08
3.945145728643216444e+03 3.772997030412753513e-08
3.970261306532663639e+03 3.765045298720396438e-08
3.995376884422110834e+03 3.757096636627185142e-08
4.020492462311558029e+03 3.749151189398395915e-08
4.045608040201005224e+03 3.741209102740380911e-08
4.070723618090452419e+03 3.733270522664655754e-08
4.095839195979899614e+03 3.725335595360268220e-08
4.120954773869347264e+03 3.717404467073989393e-08
4.146070351758794459e+03 3.709477283997911735e-08
4.171185929648241654e+03 3.701554192164008701e-08
4.196301507537688849e+03 3.693635337345352172e-08
4.221417085427136044e+03 3.685720864963531089e-08
4.246532663316583239e+03 3.677810920002014540e-08
4.271648241206030434e+03 3.669905646925082771e-08
4.296763819095477629e+03 3.662005189602053468e-08
4.321879396984924824e+03 3.654109691236510829e-08
4.346994974874372019e+03 3.646219294300234351e-08
4.372110552763819214e+03 3.638334140471647988e-08
4.397226130653266409e+03 3.630454370578444256e-08
4.422341708542713604e+03 3.622580124544248953e-08
4.447457286432160799e+03 3.614711541339055170e-08
4.472572864321607994e+03 3.606848758933224110e-08
4.497688442211055190e+03 3.598991914254898522e-08
4.522804020100502385e+03 3.591141143150591180e-08
4.547919597989949580e+03 3.583296580347771181e-08
4.573035175879397684e+03 3.575458359415883217e-08
4.598150753768844879e+03 3.567626612740209992e-08
4.623266331658292074e+03 3.559801471496382492e-08
4.648381909547739269e+03 3.551983313786918325e-08
4.673497487437186464e+03 3.544171767441571228e-08
4.698613065326633659e+03 3.536367212643360989e-08
4.723728643216080854e+03 3.528569775490516570e-08
4.748844221105528050e+03 3.520779580763978498e-08
4.773959798994975245e+03 3.512996751911784345e-08
4.799075376884422440e+03 3.505221411035174075e-08
4.824190954773869635e+03 3.497453678876338509e-08
4.849306532663316830e+03 3.489693674807694430e-08
4.874422110552764025e+03 3.481941516822635384e-08
4.899537688442211220e+03 3.474197321527627799e-08
4.924653266331658415e+03 3.466461204135623983e-08
4.949768844221105610e+03 3.458733278460682143e-08
4.974884422110552805e+03 3.451013656913744452e-08
5.000000000000000000e+03 3.443302450499497072e-08
