2.000000000000000000e+00 2.510750031289705163e-04 3.726804119507771247e+04 2.733218085148566388e+03 1.784814357403751615e+02 4.017974071596665453e+04
2.209045226130653106e+01 2.773180185313955676e-03 3.726802886097072769e+04 2.527095929321804942e+04 1.784814357403751615e+02 6.271746958992914733e+04
4.218090452261306211e+01 5.295285367498940403e-03 3.726799595463714650e+04 4.135617233525394113e+04 1.784814357403751615e+02 7.880264972563147603e+04
6.227135678391959317e+01 7.817390549683925563e-03 3.726794247622828698e+04 5.242524863307159103e+04 1.784814357403751615e+02 8.987167254504025914e+04
8.236180904522612423e+01 1.033949573186890986e-02 3.726786842598984367e+04 5.963186042120779166e+04 1.784814357403751615e+02 9.707821028293801646e+04
1.024522613065326482e+02 1.286160091405389415e-02 3.726777380426244054e+04 6.383552392785363918e+04 1.784814357403751615e+02 1.012817791678564536e+05
1.225427135678391863e+02 1.538370609623888018e-02 3.726765861148069962e+04 6.569603089402157639e+04 1.784814357403751615e+02 1.031421709412426571e+05
1.426331658291457245e+02 1.790581127842386794e-02 3.726752284817423060e+04 6.574679384033914539e+04 1.784814357403751615e+02 1.031927981242537644e+05
1.627236180904522485e+02 2.042791646060885050e-02 3.726736651496699051e+04 6.444090175680998800e+04 1.784814357403751615e+02 1.018867497075173596e+05
1.828140703517587724e+02 2.295002164279383305e-02 3.726718961257752380e+04 6.216311218211481901e+04 1.784814357403751615e+02 9.960878323043273122e+04
2.029045226130652964e+02 2.547212682497881908e-02 3.726699214181880234e+04 5.925109997692641628e+04 1.784814357403751615e+02 9.669657355448559974e+04
2.229949748743718487e+02 2.799423200716380511e-02 3.726677410359831265e+04 5.597230134621376055e+04 1.784814357403751615e+02 9.341755688555246161e+04
2.430854271356783727e+02 3.051633718934879114e-02 3.726653549891804141e+04 5.256665377829938370e+04 1.784814357403751615e+02 9.001167071295781352e+04
2.631758793969848966e+02 3.303844237153377716e-02 3.726627632887441723e+04 4.921158837661949656e+04 1.784814357403751615e+02 8.665634614123428764e+04
2.832663316582914490e+02 3.556054755371876319e-02 3.726599659465833975e+04 4.601761619367812818e+04 1.784814357403751615e+02 8.346209422407684906e+04
3.033567839195979445e+02 3.808265273590374228e-02 3.726569629755504138e+04 4.308579516999678890e+04 1.784814357403751615e+02 8.052997290329220414e+04
3.234472361809044969e+02 4.060475791808872831e-02 3.726537543894412374e+04 4.046766493995333440e+04 1.784814357403751615e+02 7.791152181463783199e+04
3.435376884422110493e+02 4.312686310027372127e-02 3.726503402029973950e+04 3.817369201725582388e+04 1.784814357403751615e+02 7.561720747329594451e+04
3.636281407035175448e+02 4.564896828245870036e-02 3.726467204319012671e+04 3.619408381095045479e+04 1.784814357403751615e+02 7.363723728988096991e+04
3.837185929648240972e+02 4.817107346464368639e-02 3.726428950927800906e+04 3.450892499934809894e+04 1.784814357403751615e+02 7.195169594436649641e+04
4.038090452261305927e+02 5.069317864682866548e-02 3.726388642032037023e+04 3.308797225094336318e+04 1.784814357403751615e+02 7.053034010700411454e+04
4.238994974874371451e+02 5.321528382901365151e-02 3.726346277816833754e+04 3.188386642612717696e+04 1.784814357403751615e+02 6.932581064003589563e+04
4.439899497487436975e+02 5.573738901119864447e-02 3.726301858476734196e+04 3.085094101436845085e+04 1.784814357403751615e+02 6.829244103487617394e+04
4.640804020100501930e+02 5.825949419338362356e-02 3.726255384215691447e+04 2.994014242181089867e+04 1.784814357403751615e+02 6.738117769970819063e+04
4.841708542713567454e+02 6.078159937556860959e-02 3.726206855247080966e+04 2.910601002800875358e+04 1.784814357403751615e+02 6.654656001621994074e+04
5.042613065326632977e+02 6.330370455775359562e-02 3.726156271793677297e+04 2.830727379768092578e+04 1.784814357403751615e+02 6.574731795135808352e+04
5.243517587939697933e+02 6.582580973993858164e-02 3.726103634087672253e+04 2.750910212766309269e+04 1.784814357403751615e+02 6.494861990428018908e+04
5.444422110552762888e+02 6.834791492212355379e-02 3.726048942370642180e+04 2.668502973101143289e+04 1.784814357403751615e+02 6.412400059045822854e+04
5.645326633165828980e+02 7.087002010430855370e-02 3.725992196893585060e+04 2.581767540307577292e+04 1.784814357403751615e+02 6.325607880775199737e+04
5.846231155778893935e+02 7.339212528649353973e-02 3.725933397916865215e+04 2.489889964467502068e+04 1.784814357403751615e+02 6.233671505958404305e+04
6.047135678391958891e+02 7.591423046867851188e-02 3.725872545710256964e+04 2.392932389177308505e+04 1.784814357403751615e+02 6.136653078461602854e+04
6.248040201005024983e+02 7.843633565086351178e-02 3.725809640552893688e+04 2.291724028720008937e+04 1.784814357403751615e+02 6.035381812846940011e+04
6.448944723618089938e+02 8.095844083304848393e-02 3.725744682733300579e+04 2.187685920684939265e+04 1.784814357403751615e+02 5.931278746992277593e+04
6.649849246231154893e+02 8.348054601523346996e-02 3.725677672549382987e+04 2.082632966004027185e+04 1.784814357403751615e+02 5.826158782127447921e+04
6.850753768844220986e+02 8.600265119741846986e-02 3.725608610308396601e+04 1.978566480390888682e+04 1.784814357403751615e+02 5.722023234273322305e+04
7.051658291457285941e+02 8.852475637960344201e-02 3.725537496326951805e+04 1.877481590527477965e+04 1.784814357403751615e+02 5.620867230428467155e+04
7.252562814070350896e+02 9.104686156178842804e-02 3.725464330931039876e+04 1.781209152928866388e+04 1.784814357403751615e+02 5.524521627433943650e+04
7.453467336683416988e+02 9.356896674397341407e-02 3.725389114455977688e+04 1.691277032164298726e+04 1.784814357403751615e+02 5.434514290194313799e+04
7.654371859296481944e+02 9.609107192615840010e-02 3.725311847246441903e+04 1.608829277909715893e+04 1.784814357403751615e+02 5.351989268730195181e+04
7.855276381909546899e+02 9.861317710834338612e-02 3.725232529656426050e+04 1.534596406383257090e+04 1.784814357403751615e+02 5.277677079613720707e+04
8.056180904522611854e+02 1.011352822905283583e-01 3.725151162049280538e+04 1.468889642543708032e+04 1.784814357403751615e+02 5.211888948167025956e+04
8.257085427135677946e+02 1.036573874727133582e-01 3.725067744797650812e+04 1.411614975153888554e+04 1.784814357403751615e+02 5.154530863525576569e+04
8.457989949748742902e+02 1.061794926548983442e-01 3.724982278283516644e+04 1.362338308816694189e+04 1.784814357403751615e+02 5.105168730674248218e+04
8.658894472361807857e+02 1.087015978370833164e-01 3.724894762898154295e+04 1.320348172957320457e+04 1.784814357403751615e+02 5.063091079429512320e+04
8.859798994974873949e+02 1.112237030192683163e-01 3.724805199042158347e+04 1.284687258546790144e+04 1.784814357403751615e+02 5.027340601162985695e+04
9.060703517587938904e+02 1.137458082014532884e-01 3.724713587125408230e+04 1.254247969371506042e+04 1.784814357403751615e+02 4.996809700070951658e+04
9.261608040201003860e+02 1.162679133836382744e-01 3.724619927567067498e+04 1.227836253938599657e+04 1.784814357403751615e+02 4.970304325079704722e+04
9.462512562814069952e+02 1.187900185658232743e-01 3.724524220795586734e+04 1.204210387427675960e+04 1.784814357403751615e+02 4.946582751797300443e+04
9.663417085427134907e+02 1.213121237480082465e-01 3.724426467248688277e+04 1.182179206531692216e+04 1.784814357403751615e+02 4.924453817354417697e+04
9.864321608040199862e+02 1.238342289301932325e-01 3.724326667373351665e+04 1.160637180171521504e+04 1.784814357403751615e+02 4.902811991118910373e+04
1.006522613065326595e+03 1.263563341123782324e-01 3.724224821625809273e+04 1.138634836379107219e+04 1.784814357403751615e+02 4.880707801578954241e+04
1.026613065326632977e+03 1.288784392945631907e-01 3.724120930471557222e+04 1.115421246394296395e+04 1.784814357403751615e+02 4.857390320439890638e+04
1.046703517587939587e+03 1.314005444767481767e-01 3.724014994385314640e+04 1.090470910866350278e+04 1.784814357403751615e+02 4.832334048825702484e+04
1.066793969849246196e+03 1.339226496589331905e-01 3.723907013851036027e+04 1.063515187123567011e+04 1.784814357403751615e+02 4.805270344548640423e+04
1.086884422110552578e+03 1.364447548411181488e-01 3.723796989361895248e+04 1.034507956429911428e+04 1.784814357403751615e+02 4.776153089365844062e+04
1.106974874371859187e+03 1.389668600233031348e-01 3.723684921420284809e+04 1.003653819342114366e+04 1.784814357403751615e+02 4.745186884336436196e+04
1.127065326633165796e+03 1.414889652054881486e-01 3.723570810537791112e+04 9.713033979844738496e+03 1.784814357403751615e+02 4.712722352096302347e+04
1.147155778894472178e+03 1.440110703876731069e-01 3.723454657235193736e+04 9.379864267428971289e+03 1.784814357403751615e+02 4.679289227552128432e+04
1.167246231155778787e+03 1.465331755698580929e-01 3.723336462042470521e+04 9.042761273132065980e+03 1.784814357403751615e+02 4.645460732929714868e+04
1.187336683417085396e+03 1.490552807520430789e-01 3.723216225498753920e+04 8.708096129695135460e+03 1.784814357403751615e+02 4.611873982042304851e+04
1.207427135678391778e+03 1.515773859342280649e-01 3.723093948152360099e+04 8.381782493623477421e+03 1.784814357403751615e+02 4.579120341088745045e+04
1.227517587939698387e+03 1.540994911164130510e-01 3.722969630560740188e+04 8.069448617790077151e+03 1.784814357403751615e+02 4.547762635913785198e+04
1.247608040201004997e+03 1.566215962985980370e-01 3.722843273290510842e+04 7.775607258708646441e+03 1.784814357403751615e+02 4.518252142735412781e+04
1.267698492462311378e+03 1.591437014807830230e-01 3.722714876917397487e+04 7.503823426540629953e+03 1.784814357403751615e+02 4.490945363145497686e+04
1.287788944723617988e+03 1.616658066629680091e-01 3.722584442026275792e+04 7.256339546126418099e+03 1.784814357403751615e+02 4.466066540212954715e+04
1.307879396984924597e+03 1.641879118451529951e-01 3.722451969211112737e+04 7.034096596045136721e+03 1.784814357403751615e+02 4.443709772389663704e+04
1.327969849246230979e+03 1.667100170273379811e-01 3.722317459075001534e+04 6.837082493326410258e+03 1.784814357403751615e+02 4.423873851981679763e+04
1.348060301507537588e+03 1.692321222095229671e-01 3.722180912230094691e+04 6.663953452587478751e+03 1.784814357403751615e+02 4.406424401062879770e+04
1.368150753768844197e+03 1.717542273917079532e-01 3.722042329297650576e+04 6.512915521093914322e+03 1.784814357403751615e+02 4.391182024981079303e+04
1.388241206030150579e+03 1.742763325738929392e-01 3.721901710907986126e+04 6.380796208557458158e+03 1.784814357403751615e+02 4.377829475337769691e+04
1.408331658291457188e+03 1.767984377560779252e-01 3.721759057700471749e+04 6.264390621719991941e+03 1.784814357403751615e+02 4.366046263446508237e+04
1.428422110552763797e+03 1.793205429382629112e-01 3.721614370323534968e+04 6.160104199409915054e+03 1.784814357403751615e+02 4.355472933838563767e+04
1.448512562814070179e+03 1.818426481204478695e-01 3.721467649434628402e+04 6.064403951494449757e+03 1.784814357403751615e+02 4.345756188158111036e+04
1.468603015075376788e+03 1.843647533026328833e-01 3.721318895700230496e+04 5.973823093013133985e+03 1.784814357403751615e+02 4.336549348575581098e+04
1.488693467336683398e+03 1.868868584848178693e-01 3.721168109795827331e+04 5.884890076215582667e+03 1.784814357403751615e+02 4.327505260991422983e+04
1.508783919597989780e+03 1.894089636670028276e-01 3.721015292405898072e+04 5.794591309831575927e+03 1.784814357403751615e+02 4.318322566963092686e+04
1.528874371859296389e+03 1.919310688491878414e-01 3.720860444223922968e+04 5.700419894501745148e+03 1.784814357403751615e+02 4.308750577248134505e+04
1.548964824120602998e+03 1.944531740313728274e-01 3.720703565952344070e+04 5.600312421280314084e+03 1.784814357403751615e+02 4.298582951654413046e+04
1.569055276381909380e+03 1.969752792135577857e-01 3.720544658302562311e+04 5.493309024067263636e+03 1.784814357403751615e+02 4.287723704283325787e+04
1.589145728643215989e+03 1.994973843957427995e-01 3.720383721994930238e+04 5.379295088246658452e+03 1.784814357403751615e+02 4.276161374393633741e+04
1.609236180904522371e+03 2.020194895779277577e-01 3.720220757758724358e+04 5.258571160216637509e+03 1.784814357403751615e+02 4.263926017354425130e+04
1.629326633165828980e+03 2.045415947601127438e-01 3.720055766332166968e+04 5.132547026153110892e+03 1.784814357403751615e+02 4.251158612521515170e+04
1.649417085427135589e+03 2.070636999422977576e-01 3.719888748462359217e+04 5.002770364710699141e+03 1.784814357403751615e+02 4.238013928507466335e+04
1.669507537688441971e+03 2.095858051244827158e-01 3.719719704905310209e+04 4.871041394847151423e+03 1.784814357403751615e+02 4.224671987964063010e+04
1.689597989949748580e+03 2.121079103066677018e-01 3.719548636425917357e+04 4.739509750839855769e+03 1.784814357403751615e+02 4.211347755083940137e+04
1.709688442211055190e+03 2.146300154888526879e-01 3.719375543797936552e+04 4.610053948413979015e+03 1.784814357403751615e+02 4.198229082213372021e+04
1.729778894472361571e+03 2.171521206710376739e-01 3.719200427803977072e+04 4.484387903571003335e+03 1.784814357403751615e+02 4.185487361735114973e+04
1.749869346733668181e+03 2.196742258532226599e-01 3.719023289235481207e+04 4.364025564460168425e+03 1.784814357403751615e+02 4.173273989255535707e+04
1.769959798994974790e+03 2.221963310354076460e-01 3.718844128892732988e+04 4.250176781464168926e+03 1.784814357403751615e+02 4.161709950613187539e+04
1.790050251256281172e+03 2.247184362175926320e-01 3.718662947584805079e+04 4.143617987001122856e+03 1.784814357403751615e+02 4.150872889858955023e+04
1.810140703517587781e+03 2.272405413997776180e-01 3.718479746129593696e+04 4.044877289156203460e+03 1.784814357403751615e+02 4.140815618619251472e+04
1.830231155778894390e+03 2.297626465819626040e-01 3.718294525353757490e+04 3.954280371826835108e+03 1.784814357403751615e+02 4.131570706110478204e+04
1.850321608040200772e+03 2.322847517641475901e-01 3.718107286092722643e+04 3.871596538444514863e+03 1.784814357403751615e+02 4.123115083511211560e+04
1.870412060301507381e+03 2.348068569463325761e-01 3.717918029190662492e+04 3.796437414352633368e+03 1.784814357403751615e+02 4.115409914199963532e+04
1.890502512562813990e+03 2.373289621285175621e-01 3.717726755500518630e+04 3.728345185041159766e+03 1.784814357403751615e+02 4.108409417578671855e+04
1.910592964824120372e+03 2.398510673107025204e-01 3.717533465883909957e+04 3.666292706616595297e+03 1.784814357403751615e+02 4.102010880119606736e+04
1.930683417085426981e+03 2.423731724928875342e-01 3.717338161211185798e+04 3.609143928446484097e+03 1.784814357403751615e+02 4.096100697629871866e+04
1.950773869346733591e+03 2.448952776750725202e-01 3.717140842361390241e+04 3.555858894025519021e+03 1.784814357403751615e+02 4.090574875337979756e+04
1.970864321608039972e+03 2.474173828572574785e-01 3.716941510222235956e+04 3.505243657075253850e+03 1.784814357403751615e+02 4.085314019503798772e+04
1.990954773869346582e+03 2.499394880394424923e-01 3.716740165690088179e+04 3.456095988441067675e+03 1.784814357403751615e+02 4.080197908108232514e+04
2.011045226130653191e+03 2.524615932216274783e-01 3.716536809669960348e+04 3.407349480501818562e+03 1.784814357403751615e+02 4.075119901294179726e+04
2.031135678391959573e+03 2.549836984038124643e-01 3.716331443075496645e+04 3.358192407960719720e+03 1.784814357403751615e+02 4.069998827445606003e+04
2.051226130653265955e+03 2.575058035859973948e-01 3.716124066828955256e+04 3.308034848386947942e+03 1.784814357403751615e+02 4.064775695241687208e+04
2.071316582914572791e+03 2.600279087681824364e-01 3.715914681861181452e+04 3.256367519457993239e+03 1.784814357403751615e+02 4.059399577381018025e+04
2.091407035175879173e+03 2.625500139503674224e-01 3.715703289111595222e+04 3.202894625932804502e+03 1.784814357403751615e+02 4.053840895278913376e+04
2.111497487437185555e+03 2.650721191325523529e-01 3.715489889528197091e+04 3.147694798412644104e+03 1.784814357403751615e+02 4.048107512943499023e+04
2.131587939698492391e+03 2.675942243147373945e-01 3.715274484067507001e+04 3.090900041929591225e+03 1.784814357403751615e+02 4.042212631834503554e+04
2.151678391959798773e+03 2.701163294969223805e-01 3.715057073694595601e+04 3.032679671633678026e+03 1.784814357403751615e+02 4.036173184432000562e+04
2.171768844221105155e+03 2.726384346791073110e-01 3.714837659383031132e+04 2.973513642258500113e+03 1.784814357403751615e+02 4.030037167182918347e+04
2.191859296482411992e+03 2.751605398612923525e-01 3.714616242114877241e+04 2.913998751224036369e+03 1.784814357403751615e+02 4.023864260811317945e+04
2.211949748743718374e+03 2.776826450434773386e-01 3.714392822880683525e+04 2.854666806421205820e+03 1.784814357403751615e+02 4.017707647096841538e+04
2.232040201005024755e+03 2.802047502256622691e-01 3.714167402679449879e+04 2.796053146174676840e+03 1.784814357403751615e+02 4.011620860870955221e+04
2.252130653266331592e+03 2.827268554078473106e-01 3.713939982518611941e+04 2.738782642371947077e+03 1.784814357403751615e+02 4.005666390329843853e+04
2.272221105527637974e+03 2.852489605900322411e-01 3.713710563414048374e+04 2.683419626888595303e+03 1.784814357403751615e+02 3.999900669676945108e+04
2.292311557788944356e+03 2.877710657722172272e-01 3.713479146390024835e+04 2.630444976934548322e+03 1.784814357403751615e+02 3.994371787657516688e+04
2.312402010050251192e+03 2.902931709544022687e-01 3.713245732479213621e+04 2.580135325659659429e+03 1.784814357403751615e+02 3.989107408619217313e+04
2.332492462311557574e+03 2.928152761365871992e-01 3.713010322722634737e+04 2.532585458394955367e+03 1.784814357403751615e+02 3.984117012136167614e+04
2.352582914572863956e+03 2.953373813187721852e-01 3.712772918169676268e+04 2.487864464248604691e+03 1.784814357403751615e+02 3.979407508168573986e+04
2.372673366834170793e+03 2.978594865009572268e-01 3.712533519878060179e+04 2.446007309350286505e+03 1.784814357403751615e+02 3.974982394387126260e+04
2.392763819095477174e+03 3.003815916831421573e-01 3.712292128913817578e+04 2.406817473982745923e+03 1.784814357403751615e+02 3.970822019886129419e+04
2.412854271356783556e+03 3.029036968653271433e-01 3.712048746351272712e+04 2.369972748113540547e+03 1.784814357403751615e+02 3.966894164736664243e+04
2.432944723618090393e+03 3.054258020475121849e-01 3.711803373273040779e+04 2.335178584464867072e+03 1.784814357403751615e+02 3.963169375293565099e+04
2.453035175879396775e+03 3.079479072296971154e-01 3.711556010769983550e+04 2.302157581271423169e+03 1.784814357403751615e+02 3.959619912471163116e+04
2.473125628140703157e+03 3.104700124118821014e-01 3.711306659941205726e+04 2.270559219824261163e+03 1.784814357403751615e+02 3.956210725497669046e+04
2.493216080402009993e+03 3.129921175940671429e-01 3.711055321894038207e+04 2.240008986621127860e+03 1.784814357403751615e+02 3.952904364130188333e+04
2.513306532663316375e+03 3.155142227762520735e-01 3.710801997744007531e+04 2.210166409616747387e+03 1.784814357403751615e+02 3.949666782279719337e+04
2.533396984924622757e+03 3.180363279584370595e-01 3.710546688614827144e+04 2.180724842746339618e+03 1.784814357403751615e+02 3.946467316463498719e+04
2.553487437185929593e+03 3.205584331406221010e-01 3.710289395638373389e+04 2.151436371260234864e+03 1.784814357403751615e+02 3.943281176338434307e+04
2.573577889447235975e+03 3.230805383228070315e-01 3.710030119954661495e+04 2.122099625751173335e+03 1.784814357403751615e+02 3.940088226103816123e+04
2.593668341708542357e+03 3.256026435049920176e-01 3.709768862711833935e+04 2.092534589476351357e+03 1.784814357403751615e+02 3.936870465233506548e+04
2.613758793969849194e+03 3.281247486871770591e-01 3.709505625066135690e+04 2.062582959186734570e+03 1.784814357403751615e+02 3.933612064558846760e+04
2.633849246231155576e+03 3.306468538693619896e-01 3.709240408181897510e+04 2.032210156543752873e+03 1.784814357403751615e+02 3.930309567410310410e+04
2.653939698492461957e+03 3.331689590515469757e-01 3.708973213231516274e+04 2.001541833494615048e+03 1.784814357403751615e+02 3.926975540155015187e+04
2.674030150753768794e+03 3.356910642337320172e-01 3.708704041395425156e+04 1.970706237203770343e+03 1.784814357403751615e+02 3.923622808689839439e+04
2.694120603015075176e+03 3.382131694159169477e-01 3.708432893862087076e+04 1.939820955984478587e+03 1.784814357403751615e+02 3.920263133034572093e+04
2.714211055276381558e+03 3.407352745981019337e-01 3.708159771827967052e+04 1.909007364733431587e+03 1.784814357403751615e+02 3.916908651875347277e+04
2.734301507537688394e+03 3.432573797802869753e-01 3.707884676497512555e+04 1.878443000499958089e+03 1.784814357403751615e+02 3.913577120121545886e+04
2.754391959798994776e+03 3.457794849624719058e-01 3.707607609083132411e+04 1.848307715202134659e+03 1.784814357403751615e+02 3.910286524177383399e+04
2.774482412060301158e+03 3.483015901446568918e-01 3.707328570805174240e+04 1.818762413938986811e+03 1.784814357403751615e+02 3.907052955773110443e+04
2.794572864321607994e+03 3.508236953268418779e-01 3.707047562891918642e+04 1.789950143988785840e+03 1.784814357403751615e+02 3.903890720864834293e+04
2.814663316582914376e+03 3.533458005090268639e-01 3.706764586579526804e+04 1.761982018707605221e+03 1.784814357403751615e+02 3.900810932024324575e+04
2.834753768844220758e+03 3.558679056912118499e-01 3.706479643112051417e+04 1.734932646563074059e+03 1.784814357403751615e+02 3.897821051342396095e+04
2.854844221105527595e+03 3.583900108733968359e-01 3.706192733741401753e+04 1.708865317550255440e+03 1.784814357403751615e+02 3.894927409070464637e+04
2.874934673366833977e+03 3.609121160555818220e-01 3.705903859727321833e+04 1.683835092035829121e+03 1.784814357403751615e+02 3.892135512504942017e+04
2.895025125628140358e+03 3.634342212377668080e-01 3.705613022337362054e+04 1.659884612264286943e+03 1.784814357403751615e+02 3.889449627137828065e+04
2.915115577889447195e+03 3.659563264199517940e-01 3.705320222846879915e+04 1.636964417955482759e+03 1.784814357403751615e+02 3.886864808216465462e+04
2.935206030150753577e+03 3.684784316021367800e-01 3.705025462538994179e+04 1.614956863404571322e+03 1.784814357403751615e+02 3.884369292453488742e+04
2.955296482412059959e+03 3.710005367843217661e-01 3.704728742704582692e+04 1.593751406977235092e+03 1.784814357403751615e+02 3.881952026976343768e+04
2.975386934673366795e+03 3.735226419665067521e-01 3.704430064642243815e+04 1.573246167218700521e+03 1.784814357403751615e+02 3.879602824938151025e+04
2.995477386934673177e+03 3.760447471486917381e-01 3.704129429658278241e+04 1.553346175755949162e+03 1.784814357403751615e+02 3.877312190807910520e+04
3.015567839195979559e+03 3.785668523308767242e-01 3.703826839066690445e+04 1.533948384102758610e+03 1.784814357403751615e+02 3.875069821051003964e+04
3.035658291457286396e+03 3.810889575130617102e-01 3.703522294189122476e+04 1.514945915147286996e+03 1.784814357403751615e+02 3.872865029277888243e+04
3.055748743718592777e+03 3.836110626952466962e-01 3.703215796354876511e+04 1.496240196287777735e+03 1.784814357403751615e+02 3.870687959557691647e+04
3.075839195979899159e+03 3.861331678774316822e-01 3.702907346900859557e+04 1.477740733851781215e+03 1.784814357403751615e+02 3.868529563860074995e+04
3.095929648241205996e+03 3.886552730596166683e-01 3.702596947171579814e+04 1.459365351963681405e+03 1.784814357403751615e+02 3.866381625941985112e+04
3.116020100502512378e+03 3.911773782418016543e-01 3.702284598519116116e+04 1.441067803422475663e+03 1.784814357403751615e+02 3.864239522435401159e+04
3.136110552763818760e+03 3.936994834239866403e-01 3.701970302303096832e+04 1.422843209210829173e+03 1.784814357403751615e+02 3.862102766798216908e+04
3.156201005025125596e+03 3.962215886061716263e-01 3.701654059890686040e+04 1.404689846525383246e+03 1.784814357403751615e+02 3.859971188117261772e+04
3.176291457286431978e+03 3.987436937883566124e-01 3.701335872656531137e+04 1.386606401847509233e+03 1.784814357403751615e+02 3.857844656415319332e+04
3.196381909547738360e+03 4.012657989705415984e-01 3.701015741982793406e+04 1.368591944301973626e+03 1.784814357403751615e+02 3.855723079987028177e+04
3.216472361809044742e+03 4.037879041527265289e-01 3.700693669259065791e+04 1.350655762967527153e+03 1.784814357403751615e+02 3.853607389129856165e+04
3.236562814070351578e+03 4.063100093349115705e-01 3.700369655882394727e+04 1.332849789671189910e+03 1.784814357403751615e+02 3.851502778423551354e+04
3.256653266331657960e+03 4.088321145170965010e-01 3.700043703257221932e+04 1.315233372591535954e+03 1.784814357403751615e+02 3.849415184090413095e+04
3.276743718592964342e+03 4.113542196992814870e-01 3.699715812795395323e+04 1.297860634448942392e+03 1.784814357403751615e+02 3.847350019814327243e+04
3.296834170854271179e+03 4.138763248814665285e-01 3.699385985916122445e+04 1.280780778104001911e+03 1.784814357403751615e+02 3.845312207300560112e+04
3.316924623115577560e+03 4.163984300636514591e-01 3.699054224045945011e+04 1.264038300661583435e+03 1.784814357403751615e+02 3.843306197686140513e+04
3.337015075376883942e+03 4.189205352458364451e-01 3.698720528618741082e+04 1.247663698181899690e+03 1.784814357403751615e+02 3.841335042010968755e+04
3.357105527638190779e+03 4.214426404280214866e-01 3.698384901075669768e+04 1.231666789822687633e+03 1.784814357403751615e+02 3.839399723631975939e+04
3.377195979899497161e+03 4.239647456102064171e-01 3.698047342865171959e+04 1.216054158556670927e+03 1.784814357403751615e+02 3.837500902294876141e+04
3.397286432160803543e+03 4.264868507923914032e-01 3.697707855442930304e+04 1.200831276912791736e+03 1.784814357403751615e+02 3.835639126708247204e+04
3.417376884422110379e+03 4.290089559745764447e-01 3.697366440271854663e+04 1.186002603684955830e+03 1.784814357403751615e+02 3.833814844214387267e+04
3.437467336683416761e+03 4.315310611567613752e-01 3.697023098822054453e+04 1.171571530369637230e+03 1.784814357403751615e+02 3.832028395433055266e+04
3.457557788944723143e+03 4.340531663389463612e-01 3.696677832570808096e+04 1.157528123691573001e+03 1.784814357403751615e+02 3.830278788514003099e+04
3.477648241206029979e+03 4.365752715211314028e-01 3.696330643002565193e+04 1.143841076866735648e+03 1.784814357403751615e+02 3.828562894263276394e+04
3.497738693467336361e+03 4.390973767033163333e-01 3.695981531608885416e+04 1.130478930661235609e+03 1.784814357403751615e+02 3.826877568249046453e+04
3.517829145728642743e+03 4.416194818855013193e-01 3.695630499888442864e+04 1.117412280823057927e+03 1.784814357403751615e+02 3.825219871544786292e+04
3.537919597989949580e+03 4.441415870676863609e-01 3.695277549346980959e+04 1.104613643760576906e+03 1.784814357403751615e+02 3.823587057297075808e+04
3.558010050251255961e+03 4.466636922498712914e-01 3.694922681497309532e+04 1.092057334516539640e+03 1.784814357403751615e+02 3.821976558523000858e+04
3.578100502512562343e+03 4.491857974320562774e-01 3.694565897859262623e+04 1.079718957363824074e+03 1.784814357403751615e+02 3.820385937169682438e+04
3.598190954773869180e+03 4.517079026142413190e-01 3.694207199959679565e+04 1.067574051542766028e+03 1.784814357403751615e+02 3.818812748687993735e+04
3.618281407035175562e+03 4.542300077964262495e-01 3.693846589332381700e+04 1.055599366652097615e+03 1.784814357403751615e+02 3.817254669571628619e+04
3.638371859296481944e+03 4.567521129786112355e-01 3.693484067518154188e+04 1.043773248135539234e+03 1.784814357403751615e+02 3.815709535905745724e+04
3.658462311557788780e+03 4.592742181607962770e-01 3.693119636064698716e+04 1.032075550510651965e+03 1.784814357403751615e+02 3.814175334689801093e+04
3.678552763819095162e+03 4.617963233429812075e-01 3.692753296526645863e+04 1.020487558139688190e+03 1.784814357403751615e+02 3.812650195914651704e+04
3.698643216080401544e+03 4.643184285251661936e-01 3.692385050465485983e+04 1.008992052776362243e+03 1.784814357403751615e+02 3.811132399317159434e+04
3.718733668341708380e+03 4.668405337073512351e-01 3.692014899449575023e+04 9.975838539452680607e+02 1.784814357403751615e+02 3.809621428418139112e+04
3.738824120603014762e+03 4.693626388895361656e-01 3.691642845054109785e+04 9.862761245054367691e+02 1.784814357403751615e+02 3.808118601078690699e+04
3.758914572864321144e+03 4.718847440717211517e-01 3.691268888861082814e+04 9.750827230464387867e+02 1.784814357403751615e+02 3.806625304739764397e+04
3.779005025125627981e+03 4.744068492539061377e-01 3.690893032459271490e+04 9.640164068959662700e+02 1.784814357403751615e+02 3.805142816722905263e+04
3.799095477386934363e+03 4.769289544360911237e-01 3.690515277444211097e+04 9.530888885757701701e+02 1.784814357403751615e+02 3.803672309875825158e+04
3.819185929648240744e+03 4.794510596182761097e-01 3.690135625418164273e+04 9.423108915272873674e+02 1.784814357403751615e+02 3.802214858144930622e+04
3.839276381909547581e+03 4.819731648004610958e-01 3.689754077990102087e+04 9.316922014640506404e+02 1.784814357403751615e+02 3.800771441710544605e+04
3.859366834170853963e+03 4.844952699826460818e-01 3.689370636775674211e+04 9.212410219534365297e+02 1.784814357403751615e+02 3.799342882545055181e+04
3.879457286432160345e+03 4.870173751648310678e-01 3.688985303397189273e+04 9.109632494237058609e+02 1.784814357403751615e+02 3.797929771913597506e+04
3.899547738693467181e+03 4.895394803470160539e-01 3.688598079483581387e+04 9.008639647179010126e+02 1.784814357403751615e+02 3.796532619529408839e+04
3.919638190954773563e+03 4.920615855292010399e-01 3.688208966670386872e+04 8.909476899792732638e+02 1.784814357403751615e+02 3.795151879242351424e+04
3.939728643216079945e+03 4.945836907113860259e-01 3.687817966599720967e+04 8.812184252969937006e+02 1.784814357403751615e+02 3.793787952703457995e+04
3.959819095477386782e+03 4.971057958935710119e-01 3.687425080920251639e+04 8.716796839061378250e+02 1.784814357403751615e+02 3.792441192884902557e+04
3.979909547738693163e+03 4.996279010757559980e-01 3.687030311287169025e+04 8.623345259379760819e+02 1.784814357403751615e+02 3.791111907455004257e+04
4.000000000000000000e+03 5.021500062579410395e-01 3.686633659362168692e+04 8.531848384272574322e+02 1.784814357403751615e+02 3.789800286778932059e+04
