2.000000000000000000e+00 3.492002798537755245e-07
2.209045226130653106e+01 5.452100179738891594e-07
4.218090452261306211e+01 6.851021944946701313e-07
6.227135678391959317e+01 7.813690488973968934e-07
8.236180904522612423e+01 8.440440230555048131e-07
1.024522613065326482e+02 8.806022956707471244e-07
1.225427135678391863e+02 8.967820494667700343e-07
1.426331658291457245e+02 8.972223520784158140e-07
1.627236180904522485e+02 8.858637005670631415e-07
1.828140703517587724e+02 8.660523160608097524e-07
2.029045226130652964e+02 8.407249434969876988e-07
2.229949748743718487e+02 8.122074649984513137e-07
2.430854271356783727e+02 7.825866074359823060e-07
2.631758793969848966e+02 7.534054821198763812e-07
2.832663316582914490e+02 7.256251993206174502e-07
3.033567839195979445e+02 7.001246559678503884e-07
3.234472361809044969e+02 6.773520902387271553e-07
3.435376884422110493e+02 6.573985290025197193e-07
3.636281407035175448e+02 6.401788064960006984e-07
3.837185929648240972e+02 6.255197199672508961e-07
4.038090452261305927e+02 6.131582443715994441e-07
4.238994974874371451e+02 6.026824991579298291e-07
4.439899497487436975e+02 5.936953245042027220e-07
4.640804020100501930e+02 5.857701032592579784e-07
4.841708542713567454e+02 5.785114662206366584e-07
5.042613065326632977e+02 5.715604895404114585e-07
5.243517587939697933e+02 5.646142441613729726e-07
5.444422110552762888e+02 5.574425625489565178e-07
5.645326633165828980e+02 5.498942810744405649e-07
5.846231155778893935e+02 5.418986108574778053e-07
6.047135678391958891e+02 5.334609565255708023e-07
6.248040201005024983e+02 5.246534345417762415e-07
6.448944723618089938e+02 5.155996320092382969e-07
6.649849246231154893e+02 5.064573901713063308e-07
6.850753768844220986e+02 4.974007626921006737e-07
7.051658291457285941e+02 4.886032649789153974e-07
7.252562814070350896e+02 4.802241259283086465e-07
7.453467336683416988e+02 4.723962233477560786e-07
7.654371859296481944e+02 4.652190548158253838e-07
7.855276381909546899e+02 4.587561530703526320e-07
8.056180904522611854e+02 4.530345852547172961e-07
8.257085427135677946e+02 4.480461752811505509e-07
8.457989949748742902e+02 4.437531700775883217e-07
8.658894472361807857e+02 4.400936933630918114e-07
8.859798994974873949e+02 4.369844883842413167e-07
9.060703517587938904e+02 4.343292279713190451e-07
9.261608040201003860e+02 4.320240659739131908e-07
9.462512562814069952e+02 4.299610101119478756e-07
9.663417085427134907e+02 4.280364654210063988e-07
9.864321608040199862e+02 4.261542843385266337e-07
1.006522613065326595e+03 4.242318917020221358e-07
1.026613065326632977e+03 4.222039795742083894e-07
1.046703517587939587e+03 4.200248455253303345e-07
1.066793969849246196e+03 4.176711258503919740e-07
1.086884422110552578e+03 4.151388096640214382e-07
1.106974874371859187e+03 4.124456910395447426e-07
1.127065326633165796e+03 4.096222634891617798e-07
1.147155778894472178e+03 4.067145978485426444e-07
1.167246231155778787e+03 4.037725470283301780e-07
1.187336683417085396e+03 4.008515205652988843e-07
1.207427135678391778e+03 3.980029493442633007e-07
1.227517587939698387e+03 3.952757821067106685e-07
1.247608040201004997e+03 3.927092661671338528e-07
1.267698492462311378e+03 3.903344063282145436e-07
1.287788944723617988e+03 3.881707049211138405e-07
1.307879396984924597e+03 3.862263456510375844e-07
1.327969849246230979e+03 3.845012234853201513e-07
1.348060301507537588e+03 3.829836516287852880e-07
1.368150753768844197e+03 3.816580281993661822e-07
1.388241206030150579e+03 3.804967622291093421e-07
1.408331658291457188e+03 3.794719809434987553e-07
1.428422110552763797e+03 3.785524226423492448e-07
1.448512562814070179e+03 3.777073611071537123e-07
1.468603015075376788e+03 3.769066459039592894e-07
1.488693467336683398e+03 3.761200851778009503e-07
1.508783919597989780e+03 3.753214699039215165e-07
1.528874371859296389e+03 3.744889977378884389e-07
1.548964824120602998e+03 3.736047233546646498e-07
1.569055276381909380e+03 3.726602988985486164e-07
1.589145728643215989e+03 3.716547276333999262e-07
1.609236180904522371e+03 3.705906234628009305e-07
1.629326633165828980e+03 3.694802473056615201e-07
1.649417085427135589e+03 3.683370593271059663e-07
1.669507537688441971e+03 3.671767160260790675e-07
1.689597989949748580e+03 3.660179127535357439e-07
1.709688442211055190e+03 3.648769869538584076e-07
1.729778894472361571e+03 3.637688445549017357e-07
1.749869346733668181e+03 3.627066523727730871e-07
1.769959798994974790e+03 3.617009324980804752e-07
1.790050251256281172e+03 3.607584376032719566e-07
1.810140703517587781e+03 3.598837606946440418e-07
1.830231155778894390e+03 3.590797343040874200e-07
1.850321608040200772e+03 3.583443521453110719e-07
1.870412060301507381e+03 3.576742366126792724e-07
1.890502512562813990e+03 3.570654061856545526e-07
1.910592964824120372e+03 3.565089279092865134e-07
1.930683417085426981e+03 3.559949216717753822e-07
1.950773869346733591e+03 3.555143430889070827e-07
1.970864321608039972e+03 3.550568085342444513e-07
1.990954773869346582e+03 3.546118623462562708e-07
2.011045226130653191e+03 3.541702300986766797e-07
2.031135678391959573e+03 3.537248523281099036e-07
2.051226130653265955e+03 3.532705985826759082e-07
2.071316582914572791e+03 3.528030397350806508e-07
2.091407035175879173e+03 3.523196033474926297e-07
2.111497487437185555e+03 3.518209733495938625e-07
2.131587939698492391e+03 3.513082978671239900e-07
2.151678391959798773e+03 3.507830495111893245e-07
2.171768844221105155e+03 3.502494025138281365e-07
2.191859296482411992e+03 3.497125472840470468e-07
2.211949748743718374e+03 3.491771090202229668e-07
2.232040201005024755e+03 3.486477436255102275e-07
2.252130653266331592e+03 3.481298856736582608e-07
2.272221105527637974e+03 3.476284432250563497e-07
2.292311557788944356e+03 3.471475985388921055e-07
2.312402010050251192e+03 3.466897575725584933e-07
2.332492462311557574e+03 3.462557447608736011e-07
2.352582914572863956e+03 3.458461610603482789e-07
2.372673366834170793e+03 3.454613106620210580e-07
2.392763819095477174e+03 3.450994845343831544e-07
2.412854271356783556e+03 3.447578805229381940e-07
2.432944723618090393e+03 3.444339370557958689e-07
2.453035175879396775e+03 3.441252416756283594e-07
2.473125628140703157e+03 3.438287460306527787e-07
2.493216080402009993e+03 3.435411930880316619e-07
2.513306532663316375e+03 3.432596218728476192e-07
2.533396984924622757e+03 3.429813655941123434e-07
2.553487437185929593e+03 3.427042682454752192e-07
2.573577889447235975e+03 3.424265786242990204e-07
2.593668341708542357e+03 3.421467312319332150e-07
2.613758793969849194e+03 3.418633494118296333e-07
2.633849246231155576e+03 3.415761325388043975e-07
2.653939698492461957e+03 3.412861735048439137e-07
2.674030150753768794e+03 3.409945877731354648e-07
2.694120603015075176e+03 3.407023981079565629e-07
2.714211055276381558e+03 3.404106602060474621e-07
2.734301507537688394e+03 3.401209182048666699e-07
2.754391959798994776e+03 3.398347363748866385e-07
2.774482412060301158e+03 3.395535142075335888e-07
2.794572864321607994e+03 3.392784958861616852e-07
2.814663316582914376e+03 3.390106478667496316e-07
2.834753768844220758e+03 3.387506191243893903e-07
2.854844221105527595e+03 3.384989601985471761e-07
2.874934673366833977e+03 3.382561500566170815e-07
2.895025125628140358e+03 3.380225596667545547e-07
2.915115577889447195e+03 3.377977589857731727e-07
2.935206030150753577e+03 3.375807249652153931e-07
2.955296482412059959e+03 3.373704963411194465e-07
2.975386934673366795e+03 3.371661871674344649e-07
2.995477386934673177e+03 3.369669716215788790e-07
3.015567839195979559e+03 3.367719536092149026e-07
3.035658291457286396e+03 3.365802037392637365e-07
3.055748743718592777e+03 3.363908648453088852e-07
3.075839195979899159e+03 3.362031500237243848e-07
3.095929648241205996e+03 3.360163447110963219e-07
3.116020100502512378e+03 3.358300468149330108e-07
3.136110552763818760e+03 3.356442140208597677e-07
3.156201005025125596e+03 3.354588314646257971e-07
3.176291457286431978e+03 3.352738878421637010e-07
3.196381909547738360e+03 3.350893751778946280e-07
3.216472361809044742e+03 3.349053743794216592e-07
3.236562814070351578e+03 3.347223372172947380e-07
3.256653266331657960e+03 3.345407799624231836e-07
3.276743718592964342e+03 3.343611734407571983e-07
3.296834170854271179e+03 3.341839456910601504e-07
3.316924623115577560e+03 3.340094838269621195e-07
3.337015075376883942e+03 3.338380531961983557e-07
3.357105527638190779e+03 3.336697393209330568e-07
3.377195979899497161e+03 3.335045995789905577e-07
3.397286432160803543e+03 3.333426816913390570e-07
3.417376884422110379e+03 3.331840245631617220e-07
3.437467336683416761e+03 3.330286578180240378e-07
3.457557788944723143e+03 3.328764951951021723e-07
3.477648241206029979e+03 3.327272645496330788e-07
3.497738693467336361e+03 3.325806924116222780e-07
3.517829145728642743e+03 3.324365231837903911e-07
3.537919597989949580e+03 3.322945179733797105e-07
3.558010050251255961e+03 3.321544535309000546e-07
3.578100502512562343e+03 3.320161178198548107e-07
3.598190954773869180e+03 3.318792982387718372e-07
3.618281407035175562e+03 3.317437927132253749e-07
3.638371859296481944e+03 3.316094130483957876e-07
3.658462311557788780e+03 3.314759841744208041e-07
3.678552763819095162e+03 3.313433434573433742e-07
3.698643216080401544e+03 3.312113412865577641e-07
3.718733668341708380e+03 3.310799327440731698e-07
3.738824120603014762e+03 3.309492324437489166e-07
3.758914572864321144e+03 3.308193610507770363e-07
3.779005025125627981e+03 3.306904296533076445e-07
3.799095477386934363e+03 3.305625402534431293e-07
3.819185929648240744e+03 3.304357862518782696e-07
3.839276381909547581e+03 3.303102528945093676e-07
3.859366834170853963e+03 3.301860116679498034e-07
3.879457286432160345e+03 3.300631139942952320e-07
3.899547738693467181e+03 3.299416042031046275e-07
3.919638190954773563e+03 3.298215217655210971e-07
3.939728643216079945e+03 3.297029016129766567e-07
3.959819095477386782e+03 3.295857744433217961e-07
3.979909547738693163e+03 3.294701670143485480e-07
4.000000000000000000e+03 3.293560958820408207e-07
