2.000000000000000000e+00 3.740688366045448335e-04 1.246961579146460533e+09 2.414769012770098150e+08 3.743786925470160786e+06 1.492182267348940372e+09
2.711557788944723768e+01 5.071546337482723751e-03 1.246961372138121843e+09 2.420016679359914780e+09 3.743786925470160786e+06 3.670721838423506737e+09
5.223115577889447536e+01 9.769023838360903211e-03 1.246960807992422581e+09 3.513363256347241402e+09 3.743786925470160786e+06 4.764067851265134811e+09
7.734673366834171304e+01 1.446650133923908267e-02 1.246959886710064173e+09 3.933049418999292850e+09 3.743786925470160786e+06 5.183753092634827614e+09
1.024623115577889507e+02 1.916397884011726213e-02 1.246958608292184591e+09 3.932126664226012230e+09 3.743786925470160786e+06 5.182829059443667412e+09
1.275778894472361884e+02 2.386145634099543986e-02 1.246956972740374088e+09 3.686746948120134354e+09 3.743786925470160786e+06 4.937447707785978317e+09
1.526934673366834261e+02 2.855893384187362105e-02 1.246954980056660652e+09 3.327800972413285732e+09 3.743786925470160786e+06 4.578499739395416260e+09
1.778090452261306496e+02 3.325641134275179878e-02 1.246952630243513584e+09 2.948973837077214241e+09 3.743786925470160786e+06 4.199670254246198177e+09
2.029246231155779014e+02 3.795388884362997650e-02 1.246949923303851843e+09 2.605448801152068138e+09 3.743786925470160786e+06 3.856142511381390572e+09
2.280402010050251533e+02 4.265136634450816117e-02 1.246946859241030216e+09 2.325398291825759411e+09 3.743786925470160786e+06 3.576088937992259979e+09
2.531557788944723768e+02 4.734884384538633889e-02 1.246943438058851957e+09 2.111175992526494741e+09 3.743786925470160786e+06 3.361863217510817051e+09
2.782713567839196003e+02 5.204632134626450968e-02 1.246939659761560917e+09 1.953892142263928413e+09 3.743786925470160786e+06 3.204575588950959682e+09
3.033869346733668522e+02 5.674379884714269434e-02 1.246935524353846788e+09 1.836814929495313644e+09 3.743786925470160786e+06 3.087494240774630547e+09
3.285025125628141041e+02 6.144127634802087901e-02 1.246931031840832949e+09 1.741578509160978794e+09 3.743786925470160786e+06 2.992253327927282333e+09
3.536180904522612991e+02 6.613875384889904285e-02 1.246926182228099108e+09 1.651982956914737701e+09 3.743786925470160786e+06 2.902652926068306923e+09
3.787336683417085510e+02 7.083623134977723446e-02 1.246920975521657944e+09 1.556809003668656111e+09 3.743786925470160786e+06 2.807473766115784645e+09
4.038492462311558029e+02 7.553370885065541218e-02 1.246915411727972507e+09 1.451270913955627680e+09 3.743786925470160786e+06 2.701930112609070778e+09
4.289648241206030548e+02 8.023118635153358991e-02 1.246909490853937387e+09 1.336765194219925642e+09 3.743786925470160786e+06 2.587418471999333382e+09
4.540804020100503067e+02 8.492866385241176763e-02 1.246903212906905413e+09 1.219083787562696934e+09 3.743786925470160786e+06 2.469730787395072937e+09
4.791959798994975017e+02 8.962614135328994536e-02 1.246896577894660234e+09 1.105847527893313408e+09 3.743786925470160786e+06 2.356487892713443756e+09
5.043115577889447536e+02 9.432361885416812308e-02 1.246889585825433016e+09 1.004004945130326629e+09 3.743786925470160786e+06 2.254638317881229877e+09
5.294271356783920055e+02 9.902109635504631469e-02 1.246882236707900047e+09 9.181823284778350592e+08 3.743786925470160786e+06 2.168808352111205578e+09
5.545427135678392006e+02 1.037185738559244785e-01 1.246874530551171541e+09 8.500381855343195200e+08 3.743786925470160786e+06 2.100656503010961294e+09
5.796582914572865093e+02 1.084160513568026701e-01 1.246866467364813328e+09 7.984686512378544807e+08 3.743786925470160786e+06 2.049078905528137922e+09
6.047738693467337043e+02 1.131135288576808479e-01 1.246858047158822536e+09 7.603093045388215780e+08 3.743786925470160786e+06 2.010911138623114347e+09
6.298894472361808994e+02 1.178110063585590117e-01 1.246849269943646193e+09 7.311812396818734407e+08 3.743786925470160786e+06 1.981774296550989866e+09
6.550050251256282081e+02 1.225084838594372033e-01 1.246840135730170727e+09 7.063708773976324797e+08 3.743786925470160786e+06 1.956954800053273439e+09
6.801206030150754032e+02 1.272059613603153672e-01 1.246830644529729128e+09 6.816706886307212114e+08 3.743786925470160786e+06 1.932245120085920572e+09
7.052361809045225982e+02 1.319034388611935449e-01 1.246820796354088783e+09 6.541143290647249222e+08 3.743786925470160786e+06 1.904678912344283819e+09
7.303517587939699069e+02 1.366009163620717504e-01 1.246810591215469599e+09 6.224043642501279116e+08 3.743786925470160786e+06 1.872958742391067743e+09
7.554673366834171020e+02 1.412983938629499003e-01 1.246800029126528502e+09 5.869284123731058836e+08 3.743786925470160786e+06 1.837472228425104380e+09
7.805829145728644107e+02 1.459958713638281058e-01 1.246789110100364447e+09 5.493604226092674732e+08 3.743786925470160786e+06 1.799893319635102034e+09
8.056984924623116058e+02 1.506933488647062835e-01 1.246777834150520802e+09 5.120070956043286920e+08 3.743786925470160786e+06 1.762528716680319548e+09
8.308140703517588008e+02 1.553908263655844335e-01 1.246766201290987253e+09 4.771461505514393449e+08 3.743786925470160786e+06 1.727656138767896652e+09
8.559296482412061096e+02 1.600883038664626390e-01 1.246754211536186457e+09 4.465147603268824816e+08 3.743786925470160786e+06 1.697012758788539171e+09
8.810452261306533046e+02 1.647857813673408167e-01 1.246741864900992632e+09 4.210156033032045364e+08 3.743786925470160786e+06 1.671501255129667282e+09
9.061608040201006133e+02 1.694832588682189944e-01 1.246729161400715590e+09 4.006926613527777791e+08 3.743786925470160786e+06 1.651165609678963423e+09
9.312763819095478084e+02 1.741807363690971722e-01 1.246716101051114082e+09 3.848731569677714109e+08 3.743786925470160786e+06 1.635333044944355726e+09
9.563919597989950034e+02 1.788782138699753499e-01 1.246702683868381500e+09 3.723476225469912291e+08 3.743786925470160786e+06 1.622794093340842962e+09
9.815075376884423122e+02 1.835756913708535276e-01 1.246688909869160891e+09 3.617489867108401656e+08 3.743786925470160786e+06 1.612181683505471230e+09
1.006623115577889507e+03 1.882731688717317053e-01 1.246674779070532084e+09 3.517298513127892017e+08 3.743786925470160786e+06 1.602148417308791399e+09
1.031738693467336816e+03 1.929706463726099108e-01 1.246660291490021706e+09 3.411447019105318189e+08 3.743786925470160786e+06 1.591548780326023579e+09
1.056854271356784011e+03 1.976681238734880608e-01 1.246645447145592928e+09 3.292541255214080215e+08 3.743786925470160786e+06 1.579643359592471123e+09
1.081969849246231206e+03 2.023656013743662385e-01 1.246630246055657387e+09 3.159259898029470444e+08 3.743786925470160786e+06 1.566300022784074545e+09
1.107085427135678401e+03 2.070630788752444162e-01 1.246614688239061356e+09 3.015359369435907006e+08 3.743786925470160786e+06 1.551894412108122110e+09
1.132201005025125596e+03 2.117605563761225940e-01 1.246598773715100765e+09 2.867534682869001627e+08 3.743786925470160786e+06 1.537096028927470922e+09
1.157316582914573019e+03 2.164580338770007994e-01 1.246582502503510475e+09 2.723460066402243972e+08 3.743786925470160786e+06 1.522672296069205046e+09
1.182432160804020214e+03 2.211555113778789772e-01 1.246565874624462843e+09 2.589541054134685695e+08 3.743786925470160786e+06 1.509263766963401556e+09
1.207547738693467409e+03 2.258529888787571271e-01 1.246548890098579884e+09 2.470138439103390872e+08 3.743786925470160786e+06 1.497306520934389114e+09
1.232663316582914604e+03 2.305504663796353049e-01 1.246531548946917772e+09 2.367323936144941151e+08 3.743786925470160786e+06 1.487007729486881971e+09
1.257778894472361799e+03 2.352479438805134826e-01 1.246513851190980434e+09 2.280783866606948674e+08 3.743786925470160786e+06 1.478336024777145386e+09
1.282894472361809221e+03 2.399454213813916881e-01 1.246495796852709293e+09 2.208478341302551329e+08 3.743786925470160786e+06 1.471087417908434629e+09
1.308010050251256416e+03 2.446428988822698658e-01 1.246477385954491377e+09 2.146384727797802389e+08 3.743786925470160786e+06 1.464859645659741640e+09
1.333125628140703611e+03 2.493403763831480435e-01 1.246458618519149542e+09 2.090119849701424837e+08 3.743786925470160786e+06 1.459214390414762259e+09
1.358241206030150806e+03 2.540378538840262213e-01 1.246439494569954634e+09 2.035283821901994646e+08 3.743786925470160786e+06 1.453711663685624123e+09
1.383356783919598001e+03 2.587353313849043990e-01 1.246420014130613089e+09 1.978839188736485839e+08 3.743786925470160786e+06 1.448047719929731846e+09
1.408472361809045196e+03 2.634328088857825767e-01 1.246400177225278616e+09 1.918988764790323675e+08 3.743786925470160786e+06 1.442042840629781008e+09
1.433587939698492619e+03 2.681302863866607544e-01 1.246379983878539801e+09 1.855626433998127580e+08 3.743786925470160786e+06 1.435686414203822613e+09
1.458703517587939814e+03 2.728277638875389322e-01 1.246359434115432262e+09 1.789577395935196877e+08 3.743786925470160786e+06 1.429060960634422064e+09
1.483819095477387009e+03 2.775252413884171099e-01 1.246338527961428404e+09 1.722858342409420311e+08 3.743786925470160786e+06 1.422368149127840519e+09
1.508934673366834204e+03 2.822227188892952876e-01 1.246317265442443848e+09 1.657607204494687021e+08 3.743786925470160786e+06 1.415821772817382574e+09
1.534050251256281399e+03 2.869201963901734653e-01 1.246295646584835052e+09 1.596087711923694313e+08 3.743786925470160786e+06 1.409648204702674627e+09
1.559165829145728821e+03 2.916176738910516431e-01 1.246273671415399075e+09 1.539907762681537569e+08 3.743786925470160786e+06 1.404008234609022856e+09
1.584281407035176017e+03 2.963151513919298208e-01 1.246251339961374521e+09 1.489571252704762220e+08 3.743786925470160786e+06 1.398952252157320738e+09
1.609396984924623212e+03 3.010126288928079985e-01 1.246228652250440121e+09 1.445024806877448857e+08 3.743786925470160786e+06 1.394474919863655090e+09
1.634512562814070407e+03 3.057101063936861762e-01 1.246205608310715914e+09 1.405234657421705723e+08 3.743786925470160786e+06 1.390472860978356600e+09
1.659628140703517602e+03 3.104075838945643540e-01 1.246182208170760632e+09 1.369044167227398455e+08 3.743786925470160786e+06 1.386830411818970680e+09
1.684743718592965024e+03 3.151050613954425872e-01 1.246158451859576225e+09 1.335078584739518762e+08 3.743786925470160786e+06 1.383410097258998156e+09
1.709859296482412219e+03 3.198025388963207094e-01 1.246134339406605959e+09 1.302072590733721405e+08 3.743786925470160786e+06 1.380085385405448198e+09
1.734974874371859414e+03 3.245000163971988871e-01 1.246109870841728210e+09 1.269096835844206065e+08 3.743786925470160786e+06 1.376763341351619005e+09
1.760090452261306609e+03 3.291974938980770649e-01 1.246085046195266485e+09 1.235471353275860995e+08 3.743786925470160786e+06 1.373375968448322773e+09
1.785206030150753804e+03 3.338949713989552426e-01 1.246059865497984409e+09 1.201097126831640750e+08 3.743786925470160786e+06 1.369913365106618643e+09
1.810321608040201227e+03 3.385924488998334758e-01 1.246034328781082869e+09 1.166441549037015736e+08 3.743786925470160786e+06 1.366422270610254526e+09
1.835437185929648422e+03 3.432899264007116535e-01 1.246008436076207638e+09 1.132009253813058287e+08 3.743786925470160786e+06 1.362953148382983685e+09
1.860552763819095617e+03 3.479874039015897758e-01 1.245982187415439129e+09 1.098470498514523059e+08 3.743786925470160786e+06 1.359573024192361593e+09
1.885668341708542812e+03 3.526848814024679535e-01 1.245955582831301451e+09 1.066417189372754395e+08 3.743786925470160786e+06 1.356341088694046974e+09
1.910783919597990007e+03 3.573823589033461312e-01 1.245928622356753826e+09 1.036240879161459506e+08 3.743786925470160786e+06 1.353296497198369980e+09
1.935899497487437202e+03 3.620798364042243089e-01 1.245901306025201559e+09 1.008185684157948792e+08 3.743786925470160786e+06 1.350463661366466522e+09
1.961015075376884624e+03 3.667773139051025422e-01 1.245873633870489120e+09 9.823259039620339870e+07 3.743786925470160786e+06 1.347850011192162752e+09
1.986130653266331819e+03 3.714747914059807199e-01 1.245845605926893950e+09 9.583010002200248837e+07 3.743786925470160786e+06 1.345419492874366522e+09
2.011246231155779014e+03 3.761722689068588976e-01 1.245817222229138851e+09 9.357045838036245108e+07 3.743786925470160786e+06 1.343131467534971476e+09
2.036361809045226209e+03 3.808697464077370198e-01 1.245788482812382936e+09 9.141454484254096448e+07 3.743786925470160786e+06 1.340946814580394030e+09
2.061477386934673632e+03 3.855672239086152531e-01 1.245759387712229729e+09 8.932274796769966185e+07 3.743786925470160786e+06 1.338825922605399609e+09
2.086592964824120827e+03 3.902647014094934308e-01 1.245729936964714050e+09 8.726158799625223875e+07 3.743786925470160786e+06 1.336735311886436462e+09
2.111708542713568022e+03 3.949621789103716085e-01 1.245700130606317997e+09 8.521627267935360968e+07 3.743786925470160786e+06 1.334660190211141825e+09
2.136824120603015217e+03 3.996596564112497862e-01 1.245669968673956633e+09 8.318571516356596351e+07 3.743786925470160786e+06 1.332599470762992620e+09
2.161939698492462412e+03 4.043571339121279640e-01 1.245639451204986095e+09 8.117065286010418832e+07 3.743786925470160786e+06 1.330553890990560293e+09
2.187055276381909607e+03 4.090546114130060862e-01 1.245608578237202883e+09 7.918568836355574429e+07 3.743786925470160786e+06 1.328538053526228666e+09
2.212170854271356802e+03 4.137520889138842639e-01 1.245577349808840036e+09 7.725240902114129066e+07 3.743786925470160786e+06 1.326573545755451441e+09
2.237286432160803997e+03 4.184495664147624416e-01 1.245545765958569527e+09 7.538868851713654399e+07 3.743786925470160786e+06 1.324678241401176214e+09
2.262402010050251192e+03 4.231470439156406194e-01 1.245513826725502253e+09 7.360345298169972003e+07 3.743786925470160786e+06 1.322861066632672071e+09
2.287517587939698842e+03 4.278445214165189081e-01 1.245481532149189949e+09 7.189931782983863354e+07 3.743786925470160786e+06 1.321124636904498816e+09
2.312633165829146037e+03 4.325419989173970303e-01 1.245448882269617081e+09 7.027786963663484156e+07 3.743786925470160786e+06 1.319470538831722021e+09
2.337748743718593232e+03 4.372394764182752080e-01 1.245415877127212048e+09 6.873455287713310122e+07 3.743786925470160786e+06 1.317894216929815292e+09
2.362864321608040427e+03 4.419369539191533858e-01 1.245382516762839079e+09 6.725759634267884493e+07 3.743786925470160786e+06 1.316383900030987978e+09
2.387979899497487622e+03 4.466344314200315635e-01 1.245348801217797995e+09 6.583605824184665084e+07 3.743786925470160786e+06 1.314928646385114670e+09
2.413095477386934817e+03 4.513319089209097412e-01 1.245314730533830404e+09 6.446013905261801183e+07 3.743786925470160786e+06 1.313518656511918545e+09
2.438211055276382012e+03 4.560293864217879189e-01 1.245280304753114700e+09 6.312058185878135264e+07 3.743786925470160786e+06 1.312144673537366152e+09
2.463326633165829207e+03 4.607268639226660967e-01 1.245245523918264866e+09 6.180911208892446756e+07 3.743786925470160786e+06 1.310798422932659388e+09
2.488442211055276402e+03 4.654243414235442744e-01 1.245210388072336197e+09 6.051863630240980536e+07 3.743786925470160786e+06 1.309472811300216198e+09
2.513557788944723598e+03 4.701218189244223966e-01 1.245174897258815289e+09 5.924784647585546970e+07 3.743786925470160786e+06 1.308166530660140753e+09
2.538673366834170793e+03 4.748192964253005743e-01 1.245139051521631956e+09 5.800173906579532474e+07 3.743786925470160786e+06 1.306884577512897491e+09
2.563788944723618442e+03 4.795167739261788631e-01 1.245102850905154228e+09 5.678498934208177775e+07 3.743786925470160786e+06 1.305631627172706127e+09
2.588904522613065637e+03 4.842142514270570408e-01 1.245066295454181433e+09 5.560152914466681331e+07 3.743786925470160786e+06 1.304411611524318457e+09
2.614020100502512832e+03 4.889117289279352185e-01 1.245029385213952065e+09 5.445416185646694154e+07 3.743786925470160786e+06 1.303227333995889187e+09
2.639135678391960028e+03 4.936092064288133408e-01 1.244992120230143309e+09 5.334481177213888615e+07 3.743786925470160786e+06 1.302080718927752256e+09
2.664251256281407223e+03 4.983066839296915185e-01 1.244954500548870087e+09 5.227500562718497217e+07 3.743786925470160786e+06 1.300973293101525068e+09
2.689366834170854418e+03 5.030041614305696962e-01 1.244916526216676712e+09 5.124576385972148925e+07 3.743786925470160786e+06 1.299906077001868248e+09
2.714482412060301613e+03 5.077016389314479294e-01 1.244878197280553579e+09 5.025430872005076706e+07 3.743786925470160786e+06 1.298876292926074505e+09
2.739597989949748808e+03 5.123991164323260517e-01 1.244839513787921667e+09 4.929478216785882413e+07 3.743786925470160786e+06 1.297878082881250620e+09
2.764713567839196003e+03 5.170965939332041739e-01 1.244800475786639452e+09 4.836182275384571403e+07 3.743786925470160786e+06 1.296906085465955257e+09
2.789829145728643198e+03 5.217940714340824071e-01 1.244761083325000048e+09 4.745065407119641453e+07 3.743786925470160786e+06 1.295955524321666479e+09
2.814944723618090393e+03 5.264915489349605293e-01 1.244721336451737642e+09 4.655811508949667960e+07 3.743786925470160786e+06 1.295023238466704369e+09
2.840060301507538043e+03 5.311890264358387626e-01 1.244681235216017962e+09 4.568424218142984062e+07 3.743786925470160786e+06 1.294109264322917938e+09
2.865175879396985238e+03 5.358865039367169958e-01 1.244640779667438507e+09 4.482948892231707275e+07 3.743786925470160786e+06 1.293214055515225649e+09
2.890291457286432433e+03 5.405839814375951180e-01 1.244599969856044292e+09 4.399420845501568913e+07 3.743786925470160786e+06 1.292337965236530066e+09
2.915407035175879628e+03 5.452814589384733512e-01 1.244558805832304955e+09 4.317866547959288210e+07 3.743786925470160786e+06 1.291481258237367868e+09
2.940522613065326823e+03 5.499789364393514735e-01 1.244517287647128820e+09 4.238313535272480547e+07 3.743786925470160786e+06 1.290644209925323725e+09
2.965638190954774018e+03 5.546764139402297067e-01 1.244475415351861715e+09 4.160793136703686416e+07 3.743786925470160786e+06 1.289827133644368649e+09
2.990753768844221213e+03 5.593738914411078289e-01 1.244433188998282671e+09 4.085328470293360949e+07 3.743786925470160786e+06 1.289030260626686335e+09
3.015869346733668408e+03 5.640713689419860621e-01 1.244390608638605118e+09 4.011934450844963640e+07 3.743786925470160786e+06 1.288253740072524786e+09
3.040984924623115603e+03 5.687688464428641844e-01 1.244347674325478077e+09 3.940618535146280378e+07 3.743786925470160786e+06 1.287497646602411032e+09
3.066100502512562798e+03 5.734663239437423066e-01 1.244304386111984253e+09 3.871335445089215040e+07 3.743786925470160786e+06 1.286761527488346577e+09
3.091216080402010448e+03 5.781638014446206508e-01 1.244260744051642418e+09 3.803932316458123177e+07 3.743786925470160786e+06 1.286043854141693830e+09
3.116331658291457643e+03 5.828612789454987730e-01 1.244216748198406219e+09 3.738253486016108096e+07 3.743786925470160786e+06 1.285343069984037399e+09
3.141447236180904838e+03 5.875587564463770063e-01 1.244172398606659889e+09 3.674156476479814202e+07 3.743786925470160786e+06 1.284657750296928167e+09
3.166562814070352033e+03 5.922562339472551285e-01 1.244127695331226349e+09 3.611510926911870390e+07 3.743786925470160786e+06 1.283986591525815248e+09
3.191678391959799228e+03 5.969537114481332507e-01 1.244082638427358627e+09 3.550198985899186134e+07 3.743786925470160786e+06 1.283328415211820602e+09
3.216793969849246423e+03 6.016511889490114839e-01 1.244037227950748444e+09 3.490163917843735218e+07 3.743786925470160786e+06 1.282682654054655790e+09
3.241909547738693618e+03 6.063486664498896062e-01 1.243991463957514048e+09 3.431416769306194782e+07 3.743786925470160786e+06 1.282049418576046228e+09
3.267025125628140813e+03 6.110461439507678394e-01 1.243945346504214287e+09 3.373968849055668712e+07 3.743786925470160786e+06 1.281428821920241117e+09
3.292140703517588008e+03 6.157436214516459616e-01 1.243898875647838116e+09 3.317827480731962994e+07 3.743786925470160786e+06 1.280820937380627871e+09
3.317256281407035203e+03 6.204410989525241948e-01 1.243852051445805073e+09 3.262996388666706160e+07 3.743786925470160786e+06 1.280225802257942200e+09
3.342371859296482398e+03 6.251385764534023171e-01 1.243804873955973625e+09 3.209476056928954646e+07 3.743786925470160786e+06 1.279643421450733185e+09
3.367487437185930048e+03 6.298360539542805503e-01 1.243757343236630201e+09 3.157257425452731922e+07 3.743786925470160786e+06 1.279073704416627645e+09
3.392603015075377243e+03 6.345335314551587835e-01 1.243709459346499205e+09 3.106293057232295722e+07 3.743786925470160786e+06 1.278516176844292164e+09
3.417718592964824438e+03 6.392310089560369057e-01 1.243661222344732523e+09 3.056525316150500625e+07 3.743786925470160786e+06 1.277970262431707621e+09
3.442834170854271633e+03 6.439284864569151390e-01 1.243612632290914059e+09 3.007900020094520971e+07 3.743786925470160786e+06 1.277435419417329311e+09
3.467949748743718828e+03 6.486259639577932612e-01 1.243563689245066881e+09 2.960366224709411711e+07 3.743786925470160786e+06 1.276911138417631149e+09
3.493065326633166023e+03 6.533234414586713834e-01 1.243514393267636776e+09 2.913876009853440523e+07 3.743786925470160786e+06 1.276396940291641235e+09
3.518180904522613218e+03 6.580209189595496166e-01 1.243464744419511318e+09 2.868384281956901774e+07 3.743786925470160786e+06 1.275892374164550543e+09
3.543296482412060413e+03 6.627183964604277389e-01 1.243414742762001038e+09 2.823848776419050246e+07 3.743786925470160786e+06 1.275397017451661587e+09
3.568412060301507609e+03 6.674158739613059721e-01 1.243364388356854916e+09 2.780238131334528327e+07 3.743786925470160786e+06 1.274910556595670223e+09
3.593527638190954804e+03 6.721133514621840943e-01 1.243313681266247749e+09 2.737533987353901938e+07 3.743786925470160786e+06 1.274432808065256834e+09
3.618643216080402453e+03 6.768108289630623275e-01 1.243262621552793503e+09 2.695719000836556032e+07 3.743786925470160786e+06 1.273963598486629248e+09
3.643758793969849648e+03 6.815083064639405608e-01 1.243211209279525995e+09 2.654775928984694555e+07 3.743786925470160786e+06 1.273502755494843006e+09
3.668874371859296843e+03 6.862057839648186830e-01 1.243159444509922028e+09 2.614687652121241763e+07 3.743786925470160786e+06 1.273050107956604481e+09
3.693989949748744039e+03 6.909032614656969162e-01 1.243107327307880402e+09 2.575437193642922863e+07 3.743786925470160786e+06 1.272605486169779778e+09
3.719105527638191234e+03 6.956007389665750384e-01 1.243054857737735987e+09 2.537007737826080993e+07 3.743786925470160786e+06 1.272168722041466951e+09
3.744221105527638429e+03 7.002982164674532717e-01 1.243002035864250422e+09 2.499382645650628582e+07 3.743786925470160786e+06 1.271739649246226788e+09
3.769336683417085624e+03 7.049956939683313939e-01 1.242948861752618551e+09 2.462545372768750042e+07 3.743786925470160786e+06 1.271318102405776262e+09
3.794452261306532819e+03 7.096931714692096271e-01 1.242895335468461990e+09 2.426476579255568981e+07 3.743786925470160786e+06 1.270903888186487913e+09
3.819567839195980014e+03 7.143906489700877493e-01 1.242841457077837944e+09 2.391153950766747445e+07 3.743786925470160786e+06 1.270496783510975599e+09
3.844683417085427209e+03 7.190881264709658716e-01 1.242787226647225380e+09 2.356555812754869089e+07 3.743786925470160786e+06 1.270096571700244188e+09
3.869798994974874404e+03 7.237856039718441048e-01 1.242732644243543625e+09 2.322661309710666165e+07 3.743786925470160786e+06 1.269703044266120434e+09
3.894914572864322054e+03 7.284830814727223380e-01 1.242677709934130192e+09 2.289450367625819519e+07 3.743786925470160786e+06 1.269316000535858393e+09
3.920030150753769249e+03 7.331805589736004602e-01 1.242622423786758661e+09 2.256903658455993608e+07 3.743786925470160786e+06 1.268935247296788692e+09
3.945145728643216444e+03 7.378780364744786935e-01 1.242566785869630575e+09 2.225002566463200748e+07 3.743786925470160786e+06 1.268560598459732771e+09
3.970261306532663639e+03 7.425755139753568157e-01 1.242510796251377344e+09 2.193729156324845552e+07 3.743786925470160786e+06 1.268191874740095854e+09
3.995376884422110834e+03 7.472729914762350489e-01 1.242454455001054764e+09 2.163066142904192582e+07 3.743786925470160786e+06 1.267828903355566740e+09
4.020492462311558029e+03 7.519704689771131711e-01 1.242397762188153028e+09 2.132996862584147230e+07 3.743786925470160786e+06 1.267471517739464521e+09
4.045608040201005224e+03 7.566679464779914044e-01 1.242340717882586241e+09 2.103505257418086007e+07 3.743786925470160786e+06 1.267119557382237196e+09
4.070723618090452419e+03 7.613654239788695266e-01 1.242283322154699087e+09 2.074576443797145411e+07 3.743786925470160786e+06 1.266772873518140554e+09
4.095839195979899614e+03 7.660629014797477598e-01 1.242225575075263500e+09 2.046196913805229962e+07 3.743786925470160786e+06 1.266431331138785839e+09
4.120954773869347264e+03 7.707603789806259931e-01 1.242167476715479612e+09 2.018353618742588162e+07 3.743786925470160786e+06 1.266094799828375578e+09
4.146070351758794459e+03 7.754578564815041153e-01 1.242109027146974802e+09 1.991033878618365154e+07 3.743786925470160786e+06 1.265763152858628511e+09
4.171185929648241654e+03 7.801553339823823485e-01 1.242050226441803694e+09 1.964225370162173361e+07 3.743786925470160786e+06 1.265436267068895578e+09
4.196301507537688849e+03 7.848528114832604707e-01 1.241991074672448635e+09 1.937916115273361653e+07 3.743786925470160786e+06 1.265114022750652313e+09
4.221417085427136044e+03 7.895502889841387040e-01 1.241931571911820412e+09 1.912094469890359789e+07 3.743786925470160786e+06 1.264796303536194086e+09
4.246532663316583239e+03 7.942477664850168262e-01 1.241871718233253956e+09 1.886749113263290375e+07 3.743786925470160786e+06 1.264482996291357040e+09
4.271648241206030434e+03 7.989452439858949484e-01 1.241811513710513592e+09 1.861869037613779679e+07 3.743786925470160786e+06 1.264173991012121439e+09
4.296763819095477629e+03 8.036427214867731816e-01 1.241750958417788506e+09 1.837443538166534156e+07 3.743786925470160786e+06 1.263869180724923849e+09
4.321879396984924824e+03 8.083401989876513039e-01 1.241690052429692268e+09 1.813462203537946939e+07 3.743786925470160786e+06 1.263568461390541792e+09
4.346994974874372019e+03 8.130376764885295371e-01 1.241628795821269274e+09 1.789914906467674673e+07 3.743786925470160786e+06 1.263271731811416149e+09
4.372110552763819214e+03 8.177351539894076593e-01 1.241567188667987347e+09 1.766791794879627973e+07 3.743786925470160786e+06 1.262978893542253733e+09
4.397226130653266409e+03 8.224326314902858925e-01 1.241505231045739174e+09 1.744083283259498700e+07 3.743786925470160786e+06 1.262689850803804159e+09
4.422341708542713604e+03 8.271301089911640148e-01 1.241442923030845165e+09 1.721780031443253160e+07 3.743786925470160786e+06 1.262404510270747900e+09
4.447457286432160799e+03 8.318275864920421370e-01 1.241380264700049877e+09 1.699872831181424484e+07 3.743786925470160786e+06 1.262122779937334299e+09
4.472572864321607994e+03 8.365250639929203702e-01 1.241317256130519152e+09 1.678352663349161670e+07 3.743786925470160786e+06 1.261844569689480782e+09
4.497688442211055190e+03 8.412225414937984924e-01 1.241253897399851799e+09 1.657210758866636828e+07 3.743786925470160786e+06 1.261569791913988352e+09
4.522804020100502385e+03 8.459200189946767257e-01 1.241190188586066484e+09 1.636438591184582375e+07 3.743786925470160786e+06 1.261298361423382521e+09
4.547919597989949580e+03 8.506174964955548479e-01 1.241126129767606497e+09 1.616027868365615048e+07 3.743786925470160786e+06 1.261030195376732826e+09
4.573035175879397684e+03 8.553149739964331921e-01 1.241061721023339987e+09 1.595970525463512540e+07 3.743786925470160786e+06 1.260765213203445196e+09
4.598150753768844879e+03 8.600124514973114254e-01 1.240996962432558775e+09 1.576258717187728360e+07 3.743786925470160786e+06 1.260503336529906273e+09
4.623266331658292074e+03 8.647099289981895476e-01 1.240931854074980021e+09 1.556884810841085389e+07 3.743786925470160786e+06 1.260244489108860970e+09
4.648381909547739269e+03 8.694074064990677808e-01 1.240866396030743361e+09 1.537841379519123770e+07 3.743786925470160786e+06 1.259988596751404762e+09
4.673497487437186464e+03 8.741048839999459030e-01 1.240800588380412340e+09 1.519121195560153201e+07 3.743786925470160786e+06 1.259735587261483908e+09
4.698613065326633659e+03 8.788023615008240252e-01 1.240734431204971313e+09 1.500717224235515110e+07 3.743786925470160786e+06 1.259485390372796535e+09
4.723728643216080854e+03 8.834998390017022585e-01 1.240667924585833311e+09 1.482622617670142092e+07 3.743786925470160786e+06 1.259237937688004732e+09
4.748844221105528050e+03 8.881973165025803807e-01 1.240601068604829073e+09 1.464830708983832784e+07 3.743786925470160786e+06 1.258993162620137453e+09
4.773959798994975245e+03 8.928947940034586139e-01 1.240533863344213724e+09 1.447335006644235179e+07 3.743786925470160786e+06 1.258751000336126089e+09
4.799075376884422440e+03 8.975922715043367361e-01 1.240466308886667490e+09 1.430129189022857882e+07 3.743786925470160786e+06 1.258511387702366114e+09
4.824190954773869635e+03 9.022897490052149694e-01 1.240398405315285683e+09 1.413207099145841040e+07 3.743786925470160786e+06 1.258274263232214212e+09
4.849306532663316830e+03 9.069872265060930916e-01 1.240330152713593006e+09 1.396562739631612040e+07 3.743786925470160786e+06 1.258039567035379171e+09
4.874422110552764025e+03 9.116847040069713248e-01 1.240261551165533543e+09 1.380190267807906866e+07 3.743786925470160786e+06 1.257807240769082785e+09
4.899537688442211220e+03 9.163821815078494470e-01 1.240192600755470991e+09 1.364083991000938788e+07 3.743786925470160786e+06 1.257577227590950489e+09
4.924653266331658415e+03 9.210796590087275693e-01 1.240123301568192720e+09 1.348238361989871971e+07 3.743786925470160786e+06 1.257349472113561630e+09
4.949768844221105610e+03 9.257771365096058025e-01 1.240053653688906193e+09 1.332647974815441854e+07 3.743786925470160786e+06 1.257123920362530708e+09
4.974884422110552805e+03 9.304746140104839247e-01 1.239983657203238964e+09 1.317307562123560905e+07 3.743786925470160786e+06 1.256900519749944687e+09
5.000000000000000000e+03 9.351720915113621579e-01 1.239913312197242260e+09 1.302211990110505931e+07 3.743786925470160786e+06 1.256679219023817539e+09
