2.000000000000000000e+00 1.850050275717585050e-03 3.860291439567712951e+04 3.045271870866017998e+05 1.019853252886659220e+03 3.441499547351655783e+05
2.711557788944723768e+01 2.508259117530675653e-02 3.860242064406190912e+04 1.017989853466818924e+06 1.019853252886659220e+03 1.057612127363767475e+06
5.223115577889447536e+01 4.831513207489593342e-02 3.860107519080449856e+04 5.866169777142645326e+05 1.019853252886659220e+03 6.262379061579557601e+05
7.734673366834171304e+01 7.154767297448511032e-02 3.859887841070914874e+04 4.358523696760539315e+05 1.019853252886659220e+03 4.754711013396497583e+05
1.024623115577889507e+02 9.478021387407427334e-02 3.859583091537310975e+04 2.812915713272447465e+05 1.019853252886659220e+03 3.209072554955045343e+05
1.275778894472361884e+02 1.180127547736634502e-01 3.859193355249540036e+04 2.063894552686550305e+05 1.019853252886659220e+03 2.460012420740370871e+05
1.526934673366834261e+02 1.412452956732526133e-01 3.858718740491990320e+04 1.660309879718667362e+05 1.019853252886659220e+03 2.056380286296732957e+05
1.778090452261306496e+02 1.644778365728417902e-01 3.858159378941595060e+04 1.194287825872286630e+05 1.019853252886659220e+03 1.590302296295312699e+05
2.029246231155779014e+02 1.877103774724309670e-01 3.857515425519871496e+04 9.974755416475635138e+04 1.019853252886659220e+03 1.393425616728417226e+05
2.280402010050251533e+02 2.109429183720201439e-01 3.856787058219404571e+04 8.175719295487549971e+04 1.019853252886659220e+03 1.213449167899562017e+05
2.531557788944723768e+02 2.341754592716093208e-01 3.855974477905152162e+04 6.496181163470894535e+04 1.019853252886659220e+03 1.045414096666471305e+05
2.782713567839196003e+02 2.574080001711984700e-01 3.855077908091134304e+04 5.635883662420164183e+04 1.019853252886659220e+03 9.592946895799964841e+04
3.033869346733668522e+02 2.806405410707876746e-01 3.854097594693042629e+04 4.742998531325188378e+04 1.019853252886659220e+03 8.699081451306898089e+04
3.285025125628141041e+02 3.038730819703768238e-01 3.853033805757411028e+04 4.010719693023861328e+04 1.019853252886659220e+03 7.965738824069937982e+04
3.536180904522612991e+02 3.271056228699659729e-01 3.851886831168040226e+04 3.530701595866376010e+04 1.019853252886659220e+03 7.484573752323082590e+04
3.787336683417085510e+02 3.503381637695551776e-01 3.850656982330379105e+04 3.054630139949196018e+04 1.019853252886659220e+03 7.007272447568240750e+04
4.038492462311558029e+02 3.735707046691443822e-01 3.849344591834671883e+04 2.675336947551918274e+04 1.019853252886659220e+03 6.626666864675255783e+04
4.289648241206030548e+02 3.968032455687335314e-01 3.847950013098691124e+04 2.381576611285629042e+04 1.019853252886659220e+03 6.331511949672985793e+04
4.540804020100503067e+02 4.200357864683227360e-01 3.846473619990928273e+04 2.108996815660965876e+04 1.019853252886659220e+03 6.057455760940559412e+04
4.791959798994975017e+02 4.432683273679118852e-01 3.844915806435140257e+04 1.884850683789695177e+04 1.019853252886659220e+03 5.831751815513501060e+04
5.043115577889447536e+02 4.665008682675010343e-01 3.843276985997198790e+04 1.697615083479483656e+04 1.019853252886659220e+03 5.642877394765348436e+04
5.294271356783920055e+02 4.897334091670902390e-01 3.841557591455236980e+04 1.528852394920815641e+04 1.019853252886659220e+03 5.472395311664717883e+04
5.545427135678392006e+02 5.129659500666793326e-01 3.839758074354042037e+04 1.385350419010145743e+04 1.019853252886659220e+03 5.327093818652853224e+04
5.796582914572865093e+02 5.361984909662685928e-01 3.837878904544774559e+04 1.260749934364061846e+04 1.019853252886659220e+03 5.200614164197502396e+04
6.047738693467337043e+02 5.594310318658577419e-01 3.835920569711009011e+04 1.149711350326588217e+04 1.019853252886659220e+03 5.087617245326263219e+04
6.298894472361808994e+02 5.826635727654468910e-01 3.833883574882182438e+04 1.052630895355186658e+04 1.019853252886659220e+03 4.988499795526034723e+04
6.550050251256282081e+02 6.058961136650361512e-01 3.831768441935494775e+04 9.667000151682987052e+03 1.019853252886659220e+03 4.900453782392459107e+04
6.801206030150754032e+02 6.291286545646253003e-01 3.829575709087356518e+04 8.898369351910967453e+03 1.019853252886659220e+03 4.821397969567118707e+04
7.052361809045225982e+02 6.523611954642143385e-01 3.827305930375430034e+04 8.215294595888346521e+03 1.019853252886659220e+03 4.750820715252930677e+04
7.303517587939699069e+02 6.755937363638035986e-01 3.824959675132378470e+04 7.602544685271753224e+03 1.019853252886659220e+03 4.687199468948219146e+04
7.554673366834171020e+02 6.988262772633927478e-01 3.822537527452357608e+04 7.050490297126892983e+03 1.019853252886659220e+03 4.629571882453712897e+04
7.805829145728644107e+02 7.220588181629820079e-01 3.820040085651340632e+04 6.553107180563019028e+03 1.019853252886659220e+03 4.577336128996308253e+04
8.056984924623116058e+02 7.452913590625711571e-01 3.817467961722309701e+04 6.103606142759344038e+03 1.019853252886659220e+03 4.529813901286909822e+04
8.308140703517588008e+02 7.685238999621603062e-01 3.814821780786370800e+04 5.695751693303493084e+03 1.019853252886659220e+03 4.486382275405385735e+04
8.559296482412061096e+02 7.917564408617494554e-01 3.812102180540783593e+04 5.324579343495622197e+03 1.019853252886659220e+03 4.446545440179011348e+04
8.810452261306533046e+02 8.149889817613386045e-01 3.809309810704950360e+04 4.986027992270663162e+03 1.019853252886659220e+03 4.409897935220682120e+04
9.061608040201006133e+02 8.382215226609278647e-01 3.806445332465296815e+04 4.676566042631361597e+03 1.019853252886659220e+03 4.376087262017098692e+04
9.312763819095478084e+02 8.614540635605170138e-01 3.803509417920016131e+04 4.393080389455984005e+03 1.019853252886659220e+03 4.344802782154280430e+04
9.563919597989950034e+02 8.846866044601061629e-01 3.800502749524608953e+04 4.132833691370924498e+03 1.019853252886659220e+03 4.315771443950366665e+04
9.815075376884423122e+02 9.079191453596954231e-01 3.797426019539093977e+04 3.893433306632282893e+03 1.019853252886659220e+03 4.288754675490987574e+04
1.006623115577889507e+03 9.311516862592844612e-01 3.794279929477753467e+04 3.672781432230196515e+03 1.019853252886659220e+03 4.263543397989439109e+04
1.031738693467336816e+03 9.543842271588737214e-01 3.791065189562267915e+04 3.469031801509922389e+03 1.019853252886659220e+03 4.239953695001926098e+04
1.056854271356784011e+03 9.776167680584628705e-01 3.787782518178982718e+04 3.280554508845526925e+03 1.019853252886659220e+03 4.217823294352200901e+04
1.081969849246231206e+03 1.000849308958051909e+00 3.784432641341115232e+04 3.105908172408623614e+03 1.019853252886659220e+03 4.197008783870642947e+04
1.107085427135678401e+03 1.024081849857641169e+00 3.781016292156579584e+04 2.943814724322340226e+03 1.019853252886659220e+03 4.177383089877479506e+04
1.132201005025125596e+03 1.047314390757230207e+00 3.777534210302145220e+04 2.793137915735914703e+03 1.019853252886659220e+03 4.158833327164401999e+04
1.157316582914573019e+03 1.070546931656819689e+00 3.773987141504526517e+04 2.652865031058027853e+03 1.019853252886659220e+03 4.141258969898994837e+04
1.182432160804020214e+03 1.093779472556408727e+00 3.770375837029058312e+04 2.522091364864545085e+03 1.019853252886659220e+03 4.124570298804178310e+04
1.207547738693467409e+03 1.117012013455997987e+00 3.766701053176476125e+04 2.400007658857790830e+03 1.019853252886659220e+03 4.108687144350921153e+04
1.232663316582914604e+03 1.140244554355587026e+00 3.762963550788327848e+04 2.285887955500983026e+03 1.019853252886659220e+03 4.093537671627091913e+04
1.257778894472361799e+03 1.163477095255176064e+00 3.759164094761540036e+04 2.179079063671750191e+03 1.019853252886659220e+03 4.079057326417380682e+04
1.282894472361809221e+03 1.186709636154765546e+00 3.755303453572518629e+04 2.078992077544990934e+03 1.019853252886659220e+03 4.065187986615683621e+04
1.308010050251256416e+03 1.209942177054354584e+00 3.751382398811232270e+04 1.985095025709970287e+03 1.019853252886659220e+03 4.051877226670894743e+04
1.333125628140703611e+03 1.233174717953943844e+00 3.747401704725631862e+04 1.896906474425374427e+03 1.019853252886659220e+03 4.039077677456835227e+04
1.358241206030150806e+03 1.256407258853532882e+00 3.743362147776719939e+04 1.813989946874413135e+03 1.019853252886659220e+03 4.026746467752826720e+04
1.383356783919598001e+03 1.279639799753122142e+00 3.739264506204573263e+04 1.735949042286600161e+03 1.019853252886659220e+03 4.014844735721898905e+04
1.408472361809045196e+03 1.302872340652711181e+00 3.735109559605563845e+04 1.662423156982896217e+03 1.019853252886659220e+03 4.003337200592519366e+04
1.433587939698492619e+03 1.326104881552300441e+00 3.730898088520996680e+04 1.593083724489138376e+03 1.019853252886659220e+03 3.992191786258576030e+04
1.458703517587939814e+03 1.349337422451889701e+00 3.726630874037347530e+04 1.527630854488417526e+03 1.019853252886659220e+03 3.981379284774854750e+04
1.483819095477387009e+03 1.372569963351478739e+00 3.722308697398240474e+04 1.465790277465986719e+03 1.019853252886659220e+03 3.970873050433504977e+04
1.508934673366834204e+03 1.395802504251067999e+00 3.717932339628296904e+04 1.407310956008746189e+03 1.019853252886659220e+03 3.960648760517837218e+04
1.534050251256281399e+03 1.419035045150657037e+00 3.713502581168937468e+04 1.351962843469318614e+03 1.019853252886659220e+03 3.950684190804535319e+04
1.559165829145728821e+03 1.442267586050246297e+00 3.709020201526181336e+04 1.299534838945734919e+03 1.019853252886659220e+03 3.940959010709420545e+04
1.584281407035176017e+03 1.465500126949835558e+00 3.704485978930487181e+04 1.249832969035632232e+03 1.019853252886659220e+03 3.931454601122716122e+04
1.609396984924623212e+03 1.488732667849424596e+00 3.699900690008630772e+04 1.202678768242350543e+03 1.019853252886659220e+03 3.922153892121531680e+04
1.634512562814070407e+03 1.511965208749013856e+00 3.695265109467596631e+04 1.157907833757077469e+03 1.019853252886659220e+03 3.913041218131969799e+04
1.659628140703517602e+03 1.535197749648602894e+00 3.690580009790429176e+04 1.115368533614037233e+03 1.019853252886659220e+03 3.904102188440498867e+04
1.684743718592965024e+03 1.558430290548192376e+00 3.685846160943993164e+04 1.074920850007082890e+03 1.019853252886659220e+03 3.895323571233366965e+04
1.709859296482412219e+03 1.581662831447781414e+00 3.681064330098524806e+04 1.036435341942612013e+03 1.019853252886659220e+03 3.886693189581451588e+04
1.734974874371859414e+03 1.604895372347370452e+00 3.676235281358895008e+04 9.997922134488226220e+02 1.019853252886659220e+03 3.878199827992443170e+04
1.760090452261306609e+03 1.628127913246959713e+00 3.671359775507423910e+04 9.648804753179857698e+02 1.019853252886659220e+03 3.869833148327888193e+04
1.785206030150753804e+03 1.651360454146548751e+00 3.666438569758124504e+04 9.315971898704887053e+02 1.019853252886659220e+03 3.861583614033838967e+04
1.810321608040201227e+03 1.674592995046138233e+00 3.661472417522214528e+04 8.998467893955474892e+02 1.019853252886659220e+03 3.853442421750434733e+04
1.835437185929648422e+03 1.697825535945727271e+00 3.656462068184700911e+04 8.695404521826754944e+02 1.019853252886659220e+03 3.845401438691634394e+04
1.860552763819095617e+03 1.721058076845316531e+00 3.651408266891880339e+04 8.405955429608869736e+02 1.019853252886659220e+03 3.837453146476634720e+04
1.885668341708542812e+03 1.744290617744905569e+00 3.646311754349516559e+04 8.129351222691306020e+02 1.019853252886659220e+03 3.829590591865095485e+04
1.910783919597990007e+03 1.767523158644494607e+00 3.641173266631545266e+04 7.864874892813396627e+02 1.019853252886659220e+03 3.821807340848344757e+04
1.935899497487437202e+03 1.790755699544083868e+00 3.635993534999014082e+04 7.611857653808593795e+02 1.019853252886659220e+03 3.814097436825765908e+04
1.961015075376884624e+03 1.813988240443673128e+00 3.630773285729098279e+04 7.369675154945289250e+02 1.019853252886659220e+03 3.806455362567216798e+04
1.986130653266331819e+03 1.837220781343262388e+00 3.625513239953918674e+04 7.137744033488829700e+02 1.019853252886659220e+03 3.798876005577472824e+04
2.011246231155779014e+03 1.860453322242851426e+00 3.620214113508935407e+04 6.915518772420948608e+02 1.019853252886659220e+03 3.791354626521810860e+04
2.036361809045226209e+03 1.883685863142440464e+00 3.614876616790678963e+04 6.702488833035183688e+02 1.019853252886659220e+03 3.783886830409696267e+04
2.061477386934673632e+03 1.906918404042029946e+00 3.609501454623563768e+04 6.498176035449075698e+02 1.019853252886659220e+03 3.776468540266720083e+04
2.086592964824120827e+03 1.930150944941618985e+00 3.604089326135531155e+04 6.302132162998667582e+02 1.019853252886659220e+03 3.769095973054183560e+04
2.111708542713568022e+03 1.953383485841208245e+00 3.598640924642277241e+04 6.113936769057305582e+02 1.019853252886659220e+03 3.761765617621516139e+04
2.136824120603015217e+03 1.976616026740797283e+00 3.593156937539811042e+04 5.933195167096075693e+02 1.019853252886659220e+03 3.754474214499437221e+04
2.161939698492462412e+03 1.999848567640386543e+00 3.587638046205079445e+04 5.759536586813935628e+02 1.019853252886659220e+03 3.747218737361884268e+04
2.187055276381909607e+03 2.023081108539975581e+00 3.582084925904405100e+04 5.592612480946072537e+02 1.019853252886659220e+03 3.739996376002531179e+04
2.212170854271356802e+03 2.046313649439564841e+00 3.576498245709494950e+04 5.432094968937275326e+02 1.019853252886659220e+03 3.732804520687533659e+04
2.237286432160803997e+03 2.069546190339153657e+00 3.570878668420753820e+04 5.277675405068458758e+02 1.019853252886659220e+03 3.725640747760103841e+04
2.262402010050251192e+03 2.092778731238742917e+00 3.565226850497652777e+04 5.129063059869952212e+02 1.019853252886659220e+03 3.718502806385017902e+04
2.287517587939698842e+03 2.116011272138332622e+00 3.559543441995908506e+04 4.985983898953930975e+02 1.019853252886659220e+03 3.711388606274113408e+04
2.312633165829146037e+03 2.139243813037921882e+00 3.553829086511219793e+04 4.848179419643032588e+02 1.019853252886659220e+03 3.704296205996315985e+04
2.337748743718593232e+03 2.162476353937510698e+00 3.548084421129323164e+04 4.715405648657865072e+02 1.019853252886659220e+03 3.697223802904567128e+04
2.362864321608040427e+03 2.185708894837099958e+00 3.542310076382133411e+04 4.587432212624186150e+02 1.019853252886659220e+03 3.690169723797040933e+04
2.387979899497487622e+03 2.208941435736689218e+00 3.536506676209701254e+04 4.464041451945878407e+02 1.019853252886659220e+03 3.683132416017825744e+04
2.413095477386934817e+03 2.232173976636278034e+00 3.530674837927808403e+04 4.345027600447554619e+02 1.019853252886659220e+03 3.676110439220949775e+04
2.438211055276382012e+03 2.255406517535867295e+00 3.524815172200916277e+04 4.230196025506432420e+02 1.019853252886659220e+03 3.669102457744646381e+04
2.463326633165829207e+03 2.278639058435456555e+00 3.518928283020289382e+04 4.119362523665282083e+02 1.019853252886659220e+03 3.662107233545607596e+04
2.488442211055276402e+03 2.301871599335045815e+00 3.513014767687035783e+04 4.012352667177408989e+02 1.019853252886659220e+03 3.655123619647475425e+04
2.513557788944723598e+03 2.325104140234634631e+00 3.507075216799894406e+04 3.909001197347725451e+02 1.019853252886659220e+03 3.648150554062037554e+04
2.538673366834170793e+03 2.348336681134223891e+00 3.501110214247507975e+04 3.809151460906147122e+02 1.019853252886659220e+03 3.641187054145235015e+04
2.563788944723618442e+03 2.371569222033813595e+00 3.495120337205032411e+04 3.712654885984862290e+02 1.019853252886659220e+03 3.634232211353546882e+04
2.588904522613065637e+03 2.394801762933402411e+00 3.489106156134828780e+04 3.619370494573549308e+02 1.019853252886659220e+03 3.627285186369229632e+04
2.614020100502512832e+03 2.418034303832991672e+00 3.483068234791095165e+04 3.529164448600132573e+02 1.019853252886659220e+03 3.620345204565762106e+04
2.639135678391960028e+03 2.441266844732580932e+00 3.477007130228215829e+04 3.441909627031767513e+02 1.019853252886659220e+03 3.613411551787199278e+04
2.664251256281407223e+03 2.464499385632169748e+00 3.470923392812654492e+04 3.357485231614320469e+02 1.019853252886659220e+03 3.606483570417463488e+04
2.689366834170854418e+03 2.487731926531759008e+00 3.464817566238223662e+04 3.275776419071485748e+02 1.019853252886659220e+03 3.599560655717604095e+04
2.714482412060301613e+03 2.510964467431348268e+00 3.458690187544543005e+04 3.196673957768164200e+02 1.019853252886659220e+03 3.592642252410890069e+04
2.739597989949748808e+03 2.534197008330937528e+00 3.452541787138528161e+04 3.120073907009664822e+02 1.019853252886659220e+03 3.585727851497290249e+04
2.764713567839196003e+03 2.557429549230526344e+00 3.446372888818754291e+04 3.045877317299704146e+02 1.019853252886659220e+03 3.578816987280416652e+04
2.789829145728643198e+03 2.580662090130115605e+00 3.440184009802518267e+04 2.973989950017895012e+02 1.019853252886659220e+03 3.571909234591363202e+04
2.814944723618090393e+03 2.603894631029704865e+00 3.433975660755468562e+04 2.904322015102737851e+02 1.019853252886659220e+03 3.565004206195161532e+04
2.840060301507538043e+03 2.627127171929294125e+00 3.427748345823663840e+04 2.836787925440307276e+02 1.019853252886659220e+03 3.558101550366732408e+04
2.865175879396985238e+03 2.650359712828883385e+00 3.421502562667877646e+04 2.771306066887892712e+02 1.019853252886659220e+03 3.551200948625422461e+04
2.890291457286432433e+03 2.673592253728472645e+00 3.415238802500064048e+04 2.707798588600684866e+02 1.019853252886659220e+03 3.544302113674736756e+04
2.915407035175879628e+03 2.696824794628061905e+00 3.408957550121825625e+04 2.646191202362299464e+02 1.019853252886659220e+03 3.537404787434114405e+04
2.940522613065326823e+03 2.720057335527650721e+00 3.402659283964752103e+04 2.586412983622089428e+02 1.019853252886659220e+03 3.530508739089638402e+04
2.965638190954774018e+03 2.743289876427239982e+00 3.396344476132543059e+04 2.528396192713681785e+02 1.019853252886659220e+03 3.523613763348345674e+04
2.990753768844221213e+03 2.766522417326829242e+00 3.390013592444752430e+04 2.472076107614760190e+02 1.019853252886659220e+03 3.516719678809565812e+04
3.015869346733668408e+03 2.789754958226418058e+00 3.383667092482077715e+04 2.417390866751851490e+02 1.019853252886659220e+03 3.509826326438262186e+04
3.040984924623115603e+03 2.812987499126007318e+00 3.377305429633067251e+04 2.364281321171761761e+02 1.019853252886659220e+03 3.502933568133450171e+04
3.066100502512562798e+03 2.836220040025596578e+00 3.370929051142158278e+04 2.312690895452214193e+02 1.019853252886659220e+03 3.496041285385345691e+04
3.091216080402010448e+03 2.859452580925186282e+00 3.364538398158920609e+04 2.262565456770752519e+02 1.019853252886659220e+03 3.489149378015293769e+04
3.116331658291457643e+03 2.882685121824775099e+00 3.358133905788453558e+04 2.213853191593925089e+02 1.019853252886659220e+03 3.482257762993058714e+04
3.141447236180904838e+03 2.905917662724364359e+00 3.351716003142788395e+04 2.166504489487976457e+02 1.019853252886659220e+03 3.475366373326333996e+04
3.166562814070352033e+03 2.929150203623953619e+00 3.345285113393261418e+04 2.120471833588647712e+02 1.019853252886659220e+03 3.468475157017813763e+04
3.191678391959799228e+03 2.952382744523542435e+00 3.338841653823755769e+04 2.075709697300818277e+02 1.019853252886659220e+03 3.461584076085429842e+04
3.216793969849246423e+03 2.975615285423131695e+00 3.332386035884701414e+04 2.032174446829552608e+02 1.019853252886659220e+03 3.454693105641662260e+04
3.241909547738693618e+03 2.998847826322720955e+00 3.325918665247825265e+04 1.989824249172347947e+02 1.019853252886659220e+03 3.447802233028214687e+04
3.267025125628140813e+03 3.022080367222310215e+00 3.319439941861499392e+04 1.948618985228367819e+02 1.019853252886659220e+03 3.440911457002448878e+04
3.292140703517588008e+03 3.045312908121899031e+00 3.312950260006688768e+04 1.908520167704686514e+02 1.019853252886659220e+03 3.434020786972401402e+04
3.317256281407035203e+03 3.068545449021488292e+00 3.306450008353375597e+04 1.869490863521604069e+02 1.019853252886659220e+03 3.427130242277256912e+04
3.342371859296482398e+03 3.091777989921077552e+00 3.299939570017442747e+04 1.831495620439699223e+02 1.019853252886659220e+03 3.420239851510505105e+04
3.367487437185930048e+03 3.115010530820666812e+00 3.293419322617912258e+04 1.794500397650294587e+02 1.019853252886659220e+03 3.413349651883080514e+04
3.392603015075377243e+03 3.138243071720256072e+00 3.286889638334532356e+04 1.758472500088447816e+02 1.019853252886659220e+03 3.406459688624082628e+04
3.417718592964824438e+03 3.161475612619845332e+00 3.280350883965603862e+04 1.723380516243913405e+02 1.019853252886659220e+03 3.399570014416708727e+04
3.442834170854271633e+03 3.184708153519434592e+00 3.273803420986036508e+04 1.689194259260527531e+02 1.019853252886659220e+03 3.392680688867307617e+04
3.467949748743718828e+03 3.207940694419023409e+00 3.267247605605567151e+04 1.655884711128379365e+02 1.019853252886659220e+03 3.385791778005516244e+04
3.493065326633166023e+03 3.231173235318612669e+00 3.260683788827092212e+04 1.623423969786078374e+02 1.019853252886659220e+03 3.378903353813618742e+04
3.518180904522613218e+03 3.254405776218201929e+00 3.254112316505083800e+04 1.591785198962381571e+02 1.019853252886659220e+03 3.372015493783373677e+04
3.543296482412060413e+03 3.277638317117790745e+00 3.247533529404020737e+04 1.560942580597584026e+02 1.019853252886659220e+03 3.365128280498662207e+04
3.568412060301507609e+03 3.300870858017380005e+00 3.240947763256830149e+04 1.530871269695372234e+02 1.019853252886659220e+03 3.358241801242449583e+04
3.593527638190954804e+03 3.324103398916969265e+00 3.234355348823270106e+04 1.501547351465458178e+02 1.019853252886659220e+03 3.351356147626590246e+04
3.618643216080402453e+03 3.347335939816558525e+00 3.227756611948236605e+04 1.472947799617388682e+02 1.019853252886659220e+03 3.344471415233076550e+04
3.643758793969849648e+03 3.370568480716147786e+00 3.221151873619955222e+04 1.445050433700008341e+02 1.019853252886659220e+03 3.337587703245621378e+04
3.668874371859296843e+03 3.393801021615737046e+00 3.214541450028022155e+04 1.417833886450598015e+02 1.019853252886659220e+03 3.330705114181194222e+04
3.693989949748744039e+03 3.417033562515326306e+00 3.207925652621272457e+04 1.391277570621964514e+02 1.019853252886659220e+03 3.323823753616157774e+04
3.719105527638191234e+03 3.440266103414915122e+00 3.201304788165440550e+04 1.365361645704232387e+02 1.019853252886659220e+03 3.316943729911148694e+04
3.744221105527638429e+03 3.463498644314504382e+00 3.194679158800591176e+04 1.340066986270835514e+02 1.019853252886659220e+03 3.310065153951965476e+04
3.769336683417085624e+03 3.486731185214093642e+00 3.188049062098291324e+04 1.315375151860351366e+02 1.019853252886659220e+03 3.303188138905560481e+04
3.794452261306532819e+03 3.509963726113682458e+00 3.181414791118499852e+04 1.291268358310292115e+02 1.019853252886659220e+03 3.296312799990268832e+04
3.819567839195980014e+03 3.533196267013271719e+00 3.174776634466160976e+04 1.267729450464068748e+02 1.019853252886659220e+03 3.289439254259467270e+04
3.844683417085427209e+03 3.556428807912860979e+00 3.168134876347471436e+04 1.244741876177071447e+02 1.019853252886659220e+03 3.282567620397907740e+04
3.869798994974874404e+03 3.579661348812450239e+00 3.161489796625805684e+04 1.222289661552271411e+02 1.019853252886659220e+03 3.275698018529994442e+04
3.894914572864322054e+03 3.602893889712039499e+00 3.154841670877277284e+04 1.200357387339862925e+02 1.019853252886659220e+03 3.268830570039341910e+04
3.920030150753769249e+03 3.626126430611628759e+00 3.148190770445935050e+04 1.178930166439353826e+02 1.019853252886659220e+03 3.261965397398994537e+04
3.945145728643216444e+03 3.649358971511218019e+00 3.141537362498551738e+04 1.157993622446132633e+02 1.019853252886659220e+03 3.255102624011678927e+04
3.970261306532663639e+03 3.672591512410806835e+00 3.134881710079016557e+04 1.137533869187920459e+02 1.019853252886659220e+03 3.248242374059561917e+04
3.995376884422110834e+03 3.695824053310396096e+00 3.128224072162307129e+04 1.117537491199680630e+02 1.019853252886659220e+03 3.241384772362970034e+04
4.020492462311558029e+03 3.719056594209985356e+00 3.121564703708022716e+04 1.097991525088547888e+02 1.019853252886659220e+03 3.234529944247574167e+04
4.045608040201005224e+03 3.742289135109574616e+00 3.114903855713480152e+04 1.078883441743088127e+02 1.019853252886659220e+03 3.227678015419577059e+04
4.070723618090452419e+03 3.765521676009163432e+00 3.108241775266352852e+04 1.060201129343820980e+02 1.019853252886659220e+03 3.220829111848456887e+04
4.095839195979899614e+03 3.788754216908752692e+00 3.101578705596845612e+04 1.041932877134386928e+02 1.019853252886659220e+03 3.213983359656855464e+04
4.120954773869347264e+03 3.811986757808342396e+00 3.094914886129399019e+04 1.024067359915002839e+02 1.019853252886659220e+03 3.207140885017214896e+04
4.146070351758794459e+03 3.835219298707931213e+00 3.088250552533916198e+04 1.006593623222021563e+02 1.019853252886659220e+03 3.200301814054802526e+04
4.171185929648241654e+03 3.858451839607520473e+00 3.081585936776488234e+04 9.895010691594056595e+01 1.019853252886659220e+03 3.193466272756748367e+04
4.196301507537688849e+03 3.881684380507109733e+00 3.074921267169650673e+04 9.727794428498522450e+01 1.019853252886659220e+03 3.186634386886815264e+04
4.221417085427136044e+03 3.904916921406698993e+00 3.068256768422114692e+04 9.564188194750204275e+01 1.019853252886659220e+03 3.179806281905530705e+04
4.246532663316583239e+03 3.928149462306287809e+00 3.061592661688012595e+04 9.404095918760590678e+01 1.019853252886659220e+03 3.172982082895439089e+04
4.271648241206030434e+03 3.951382003205877069e+00 3.054929164615625268e+04 9.247424586871323982e+01 1.019853252886659220e+03 3.166161914491162679e+04
4.296763819095477629e+03 3.974614544105466329e+00 3.048266491395599951e+04 9.094084129761625945e+01 1.019853252886659220e+03 3.159345900814027482e+04
4.321879396984924824e+03 3.997847085005055146e+00 3.041604852808655778e+04 8.943987313683746265e+01 1.019853252886659220e+03 3.152534165411005597e+04
4.346994974874372019e+03 4.021079625904644850e+00 3.034944456272755269e+04 8.797049636295344044e+01 1.019853252886659220e+03 3.145726831197716456e+04
4.372110552763819214e+03 4.044312166804233222e+00 3.028285505889785054e+04 8.653189226870085804e+01 1.019853252886659220e+03 3.138924020405321062e+04
4.397226130653266409e+03 4.067544707703822482e+00 3.021628202491679258e+04 8.512326750679278575e+01 1.019853252886659220e+03 3.132125854531024379e+04
4.422341708542713604e+03 4.090777248603411742e+00 3.014972743686044487e+04 8.374385317348186675e+01 1.019853252886659220e+03 3.125332454292058537e+04
4.447457286432160799e+03 4.114009789503001002e+00 3.008319323901256212e+04 8.239290393001066093e+01 1.019853252886659220e+03 3.118543939582923122e+04
4.472572864321607994e+03 4.137242330402590262e+00 3.001668134431014551e+04 8.106969716018457461e+01 1.019853252886659220e+03 3.111760429435698825e+04
4.497688442211055190e+03 4.160474871302179523e+00 2.995019363478399464e+04 7.977353216239639266e+01 1.019853252886659220e+03 3.104982041983304953e+04
4.522804020100502385e+03 4.183707412201768783e+00 2.988373196199382073e+04 7.850372937451521693e+01 1.019853252886659220e+03 3.098208894425499602e+04
4.547919597989949580e+03 4.206939953101357155e+00 2.981729814745822296e+04 7.725962962113710830e+01 1.019853252886659220e+03 3.091441102996602058e+04
4.573035175879397684e+03 4.230172494000947303e+00 2.975089398307937154e+04 7.604059335257038299e+01 1.019853252886659220e+03 3.084678782931860042e+04
4.598150753768844879e+03 4.253405034900536563e+00 2.968452123156260132e+04 7.484599999976009599e+01 1.019853252886659220e+03 3.077922048444902248e+04
4.623266331658292074e+03 4.276637575800125823e+00 2.961818162683061382e+04 7.367524734018896027e+01 1.019853252886659220e+03 3.071171012705746398e+04
4.648381909547739269e+03 4.299870116699715084e+00 2.955187687443268442e+04 7.252989185338606148e+01 1.019853252886659220e+03 3.064426001917272879e+04
4.673497487437186464e+03 4.323102657599304344e+00 2.948560865194860526e+04 7.140504511061882909e+01 1.019853252886659220e+03 3.057686694994588470e+04
4.698613065326633659e+03 4.346335198498893604e+00 2.941937860938757876e+04 7.030233708075240884e+01 1.019853252886659220e+03 3.050953419935499187e+04
4.723728643216080854e+03 4.369567739398481976e+00 2.935318836958182874e+04 6.922123282712426828e+01 1.019853252886659220e+03 3.044226285529561210e+04
4.748844221105528050e+03 4.392800280298071236e+00 2.928703952857537297e+04 6.816121283656831054e+01 1.019853252886659220e+03 3.037505399429859972e+04
4.773959798994975245e+03 4.416032821197660496e+00 2.922093365600759716e+04 6.712177250109019155e+01 1.019853252886659220e+03 3.030790868139534723e+04
4.799075376884422440e+03 4.439265362097249756e+00 2.915487229549181575e+04 6.610242161946166561e+01 1.019853252886659220e+03 3.024082796999793572e+04
4.824190954773869635e+03 4.462497902996839017e+00 2.908885696498891048e+04 6.510268391787381859e+01 1.019853252886659220e+03 3.017381290179344433e+04
4.849306532663316830e+03 4.485730443896428277e+00 2.902288915717591226e+04 6.412209658882630947e+01 1.019853252886659220e+03 3.010686450665140001e+04
4.874422110552764025e+03 4.508962984796017537e+00 2.895697033980984997e+04 6.316020984747438405e+01 1.019853252886659220e+03 3.003998380254398580e+04
4.899537688442211220e+03 4.532195525695605909e+00 2.889110195608651702e+04 6.221658650468660312e+01 1.019853252886659220e+03 2.997317179547786509e+04
4.924653266331658415e+03 4.555428066595195169e+00 2.882528542499458126e+04 6.129080155610638769e+01 1.019853252886659220e+03 2.990642947943734907e+04
4.949768844221105610e+03 4.578660607494784429e+00 2.875952214166476188e+04 6.038244178654230154e+01 1.019853252886659220e+03 2.983975783633796527e+04
4.974884422110552805e+03 4.601893148394373689e+00 2.869381347771436049e+04 5.949110538904162127e+01 1.019853252886659220e+03 2.977315783599006318e+04
5.000000000000000000e+03 4.625125689293962949e+00 2.862816078158698656e+04 5.861640159803504702e+01 1.019853252886659220e+03 2.970663043607168220e+04
