2.000000000000000000e+00 1.018520437460183772e-04
2.711557788944723768e+01 2.504841983887086008e-04
5.223115577889447536e+01 3.250783787360910122e-04
7.734673366834171304e+01 3.537116533044050285e-04
1.024623115577889507e+02 3.536486105917606643e-04
1.275778894472361884e+02 3.369073223038327705e-04
1.526934673366834261e+02 3.124178842165596724e-04
1.778090452261306496e+02 2.865720178538309014e-04
2.029246231155779014e+02 2.631346338010127493e-04
2.280402010050251533e+02 2.440278126163602829e-04
2.531557788944723768e+02 2.294121357483317565e-04
2.782713567839196003e+02 2.186810939798502986e-04
3.033869346733668522e+02 2.106931495426808069e-04
3.285025125628141041e+02 2.041952817625440749e-04
3.536180904522612991e+02 1.980822411907901914e-04
3.787336683417085510e+02 1.915885865385374889e-04
4.038492462311558029e+02 1.843878081648738030e-04
4.289648241206030548e+02 1.765751835508993562e-04
4.540804020100503067e+02 1.685458714512285414e-04
4.791959798994975017e+02 1.608198077808755614e-04
5.043115577889447536e+02 1.538710601162705273e-04
5.294271356783920055e+02 1.480152597834748815e-04
5.545427135678392006e+02 1.433655594479163584e-04
5.796582914572865093e+02 1.398466472615363901e-04
6.047738693467337043e+02 1.372426287216318974e-04
6.298894472361808994e+02 1.352547503859964661e-04
6.550050251256282081e+02 1.335614255134155769e-04
6.801206030150754032e+02 1.318755929387667913e-04
7.052361809045225982e+02 1.299948720620986971e-04
7.303517587939699069e+02 1.278307446492313022e-04
7.554673366834171020e+02 1.254096561817322057e-04
7.805829145728644107e+02 1.228458128360618122e-04
8.056984924623116058e+02 1.202965906331350261e-04
8.308140703517588008e+02 1.179173883171027597e-04
8.559296482412061096e+02 1.158267255390013677e-04
8.810452261306533046e+02 1.140861880673213377e-04
9.061608040201006133e+02 1.126987765924417859e-04
9.312763819095478084e+02 1.116185904708448138e-04
9.563919597989950034e+02 1.107631130590339060e-04
9.815075376884423122e+02 1.100390751022643136e-04
1.006623115577889507e+03 1.093545495638181017e-04
1.031738693467336816e+03 1.086313830424948145e-04
1.056854271356784011e+03 1.078191286501254976e-04
1.081969849246231206e+03 1.069087715805145007e-04
1.107085427135678401e+03 1.059259402461015581e-04
1.132201005025125596e+03 1.049163117745455757e-04
1.157316582914573019e+03 1.039322440434934422e-04
1.182432160804020214e+03 1.030174391907168549e-04
1.207547738693467409e+03 1.022016489868197216e-04
1.232663316582914604e+03 1.014990078306145054e-04
1.257778894472361799e+03 1.009073756323535653e-04
1.282894472361809221e+03 1.004128351285412047e-04
1.308010050251256416e+03 9.998794167228390833e-05
1.333125628140703611e+03 9.960279078417985047e-05
1.358241206030150806e+03 9.922736398862330351e-05
1.383356783919598001e+03 9.884093806577532186e-05
1.408472361809045196e+03 9.843125161317589861e-05
1.433587939698492619e+03 9.799758064935126334e-05
1.458703517587939814e+03 9.754555514906653000e-05
1.483819095477387009e+03 9.708893411355788315e-05
1.508934673366834204e+03 9.664230370617667685e-05
1.534050251256281399e+03 9.622110835911676320e-05
1.559165829145728821e+03 9.583631805359742444e-05
1.584281407035176017e+03 9.549137065139738948e-05
1.609396984924623212e+03 9.518590199951031160e-05
1.634512562814070407e+03 9.491285915786227417e-05
1.659628140703517602e+03 9.466435090310106439e-05
1.684743718592965024e+03 9.443099791316493226e-05
1.709859296482412219e+03 9.420416747459019354e-05
1.734974874371859414e+03 9.397751904823409264e-05
1.760090452261306609e+03 9.374641352236715291e-05
1.785206030150753804e+03 9.351017535520975425e-05
1.810321608040201227e+03 9.327199336212348320e-05
1.835437185929648422e+03 9.303531044013104605e-05
1.860552763819095617e+03 9.280469946198652807e-05
1.885668341708542812e+03 9.258419874528676843e-05
1.910783919597990007e+03 9.237647968430770778e-05
1.935899497487437202e+03 9.218320777911245953e-05
1.961015075376884624e+03 9.200488994543759677e-05
1.986130653266331819e+03 9.183906639131486269e-05
2.011246231155779014e+03 9.168296450517668839e-05
2.036361809045226209e+03 9.153391526131780483e-05
2.061477386934673632e+03 9.138921614811678176e-05
2.086592964824120827e+03 9.124658299157268791e-05
2.111708542713568022e+03 9.110500658422164175e-05
2.136824120603015217e+03 9.096441277736166725e-05
2.161939698492462412e+03 9.082485188385895592e-05
2.187055276381909607e+03 9.068732017697097615e-05
2.212170854271356802e+03 9.055329046887666529e-05
2.237286432160803997e+03 9.042398220492778109e-05
2.262402010050251192e+03 9.030000437831810136e-05
2.287517587939698842e+03 9.018153542998644961e-05
2.312633165829146037e+03 9.006868360768705126e-05
2.337748743718593232e+03 8.996113811078547775e-05
2.362864321608040427e+03 8.985809584437616992e-05
2.387979899497487622e+03 8.975881030106557499e-05
2.413095477386934817e+03 8.966261290549830940e-05
2.438211055276382012e+03 8.956887210195199481e-05
2.463326633165829207e+03 8.947702335579037572e-05
2.488442211055276402e+03 8.938658271575539659e-05
2.513557788944723598e+03 8.929746094414279525e-05
2.538673366834170793e+03 8.920999893016070908e-05
2.563788944723618442e+03 8.912451564989555411e-05
2.588904522613065637e+03 8.904127935851699482e-05
2.614020100502512832e+03 8.896048132157408431e-05
2.639135678391960028e+03 8.888225282832761692e-05
2.664251256281407223e+03 8.880669804435924338e-05
2.689366834170854418e+03 8.873388659284027339e-05
2.714482412060301613e+03 8.866362896335575072e-05
2.739597989949748808e+03 8.859552549086524651e-05
2.764713567839196003e+03 8.852921039057481348e-05
2.789829145728643198e+03 8.846435779259078746e-05
2.814944723618090393e+03 8.840075203706273068e-05
2.840060301507538043e+03 8.833839560889298237e-05
2.865175879396985238e+03 8.827731945691066754e-05
2.890291457286432433e+03 8.821754767791114605e-05
2.915407035175879628e+03 8.815909833465676332e-05
2.940522613065326823e+03 8.810199021699341925e-05
2.965638190954774018e+03 8.804624470299944432e-05
2.990753768844221213e+03 8.799187756862772956e-05
3.015869346733668408e+03 8.793889899315363923e-05
3.040984924623115603e+03 8.788731406760705235e-05
3.066100502512562798e+03 8.783709190435153979e-05
3.091216080402010448e+03 8.778812821452053718e-05
3.116331658291457643e+03 8.774031679962824822e-05
3.141447236180904838e+03 8.769356045741321499e-05
3.166562814070352033e+03 8.764777025209295226e-05
3.191678391959799228e+03 8.760286578261135368e-05
3.216793969849246423e+03 8.755880834456967023e-05
3.241909547738693618e+03 8.751560547837818754e-05
3.267025125628140813e+03 8.747326490337046015e-05
3.292140703517588008e+03 8.743179162003135039e-05
3.317256281407035203e+03 8.739118817322559496e-05
3.342371859296482398e+03 8.735145489715973326e-05
3.367487437185930048e+03 8.731258561452651015e-05
3.392603015075377243e+03 8.727454796515386141e-05
3.417718592964824438e+03 8.723730263049467098e-05
3.442834170854271633e+03 8.720081264854617157e-05
3.467949748743718828e+03 8.716504326631504694e-05
3.493065326633166023e+03 8.712996179412430908e-05
3.518180904522613218e+03 8.709553747077255126e-05
3.543296482412060413e+03 8.706174146516820658e-05
3.568412060301507609e+03 8.702855238467807251e-05
3.593527638190954804e+03 8.699595770776902227e-05
3.618643216080402453e+03 8.696394560591125527e-05
3.643758793969849648e+03 8.693250431940419056e-05
3.668874371859296843e+03 8.690162217257727949e-05
3.693989949748744039e+03 8.687128758740186581e-05
3.719105527638191234e+03 8.684148909563987428e-05
3.744221105527638429e+03 8.681221534963965900e-05
3.769336683417085624e+03 8.678345506636969047e-05
3.794452261306532819e+03 8.675519505552851073e-05
3.819567839195980014e+03 8.672742009752910876e-05
3.844683417085427209e+03 8.670011540931862382e-05
3.869798994974874404e+03 8.667326676666763628e-05
3.894914572864322054e+03 8.664686047855903542e-05
3.920030150753769249e+03 8.662088336294382232e-05
3.945145728643216444e+03 8.659532272377742327e-05
3.970261306532663639e+03 8.657016632926193406e-05
3.995376884422110834e+03 8.654540239122177580e-05
4.020492462311558029e+03 8.652101954554620555e-05
4.045608040201005224e+03 8.649700684137593115e-05
4.070723618090452419e+03 8.647335412907969506e-05
4.095839195979899614e+03 8.645005219763014358e-05
4.120954773869347264e+03 8.642709214933214177e-05
4.146070351758794459e+03 8.640446533807348887e-05
4.171185929648241654e+03 8.638216336114583262e-05
4.196301507537688849e+03 8.636017805136413225e-05
4.221417085427136044e+03 8.633850146947259470e-05
4.246532663316583239e+03 8.631712589682584923e-05
4.271648241206030434e+03 8.629604382833442331e-05
4.296763819095477629e+03 8.627524796566336622e-05
4.321879396984924824e+03 8.625473121067515697e-05
4.346994974874372019e+03 8.623448665910612217e-05
4.372110552763819214e+03 8.621450759446792087e-05
4.397226130653266409e+03 8.619478748216424335e-05
4.422341708542713604e+03 8.617531995501984284e-05
4.447457286432160799e+03 8.615609873588777202e-05
4.472572864321607994e+03 8.613711767668137957e-05
4.497688442211055190e+03 8.611837079993805424e-05
4.522804020100502385e+03 8.609985229369188369e-05
4.547919597989949580e+03 8.608155650607123770e-05
4.573035175879397684e+03 8.606347794009954442e-05
4.598150753768844879e+03 8.604561124869045054e-05
4.623266331658292074e+03 8.602795122982995202e-05
4.648381909547739269e+03 8.601049282193580557e-05
4.673497487437186464e+03 8.599323109938951794e-05
4.698613065326633659e+03 8.597616126823092483e-05
4.723728643216080854e+03 8.595927866201113121e-05
4.748844221105528050e+03 8.594257873779447509e-05
4.773959798994975245e+03 8.592605707230642498e-05
4.799075376884422440e+03 8.590970935821927944e-05
4.824190954773869635e+03 8.589353140057047812e-05
4.849306532663316830e+03 8.587751911330924158e-05
4.874422110552764025e+03 8.586166851596494008e-05
4.899537688442211220e+03 8.584597573043286777e-05
4.924653266331658415e+03 8.583043697787339735e-05
4.949768844221105610e+03 8.581504857585197678e-05
4.974884422110552805e+03 8.579980693652719699e-05
5.000000000000000000e+03 8.578470856320176863e-05
