2.000000000000000000e+00 2.816686787357559840e+00
2.711557788944723768e+01 6.928961648044132282e+00
5.223115577889447536e+01 8.992793483984941716e+00
7.734673366834171304e+01 9.785003591343459206e+00
1.024623115577889507e+02 9.783259359330005012e+00
1.275778894472361884e+02 9.320070360102656437e+00
1.526934673366834261e+02 8.642509701436747349e+00
1.778090452261306496e+02 7.927420111626104493e+00
2.029246231155779014e+02 7.278967120600312590e+00
2.280402010050251533e+02 6.750329823952307073e+00
2.531557788944723768e+02 6.345951103205098143e+00
2.782713567839196003e+02 6.049050386132206469e+00
3.033869346733668522e+02 5.828044217066696397e+00
3.285025125628141041e+02 5.648264690997400805e+00
3.536180904522612991e+02 5.479132358050915030e+00
3.787336683417085510e+02 5.299469398547744348e+00
4.038492462311558029e+02 5.100242118592214879e+00
4.289648241206030548e+02 4.884086604509390028e+00
4.540804020100503067e+02 4.661935897110581983e+00
4.791959798994975017e+02 4.448175304861647028e+00
5.043115577889447536e+02 4.255921075599453651e+00
5.294271356783920055e+02 4.093905927829811553e+00
5.545427135678392006e+02 3.965260508905425585e+00
5.796582914572865093e+02 3.867901130944433774e+00
6.047738693467337043e+02 3.795854540459664861e+00
6.298894472361808994e+02 3.740854987197526071e+00
6.550050251256282081e+02 3.694004981414930278e+00
6.801206030150754032e+02 3.647362268519320327e+00
7.052361809045225982e+02 3.595327490448026797e+00
7.303517587939699069e+02 3.535451572100133166e+00
7.554673366834171020e+02 3.468466192897838418e+00
7.805829145728644107e+02 3.397531148172928450e+00
8.056984924623116058e+02 3.327000633395683860e+00
8.308140703517588008e+02 3.261174137801731820e+00
8.559296482412061096e+02 3.203330799627515546e+00
8.810452261306533046e+02 3.155174540935851812e+00
9.061608040201006133e+02 3.116788383221252179e+00
9.312763819095478084e+02 3.086902372059102451e+00
9.563919597989950034e+02 3.063233481145609449e+00
9.815075376884423122e+02 3.043201186687090054e+00
1.006623115577889507e+03 3.024262100659457886e+00
1.031738693467336816e+03 3.004253916610204911e+00
1.056854271356784011e+03 2.981780897052274337e+00
1.081969849246231206e+03 2.956593625155359728e+00
1.107085427135678401e+03 2.929401174110581429e+00
1.132201005025125596e+03 2.901467314225455674e+00
1.157316582914573019e+03 2.874240655220566154e+00
1.182432160804020214e+03 2.848930324440858364e+00
1.207547738693467409e+03 2.826359477943037657e+00
1.232663316582914604e+03 2.806919178704338158e+00
1.257778894472361799e+03 2.790550215867662498e+00
1.282894472361809221e+03 2.776867534039443086e+00
1.308010050251256416e+03 2.765111809426302525e+00
1.333125628140703611e+03 2.754455660906293346e+00
1.358241206030150806e+03 2.744068553371541874e+00
1.383356783919598001e+03 2.733377127873032553e+00
1.408472361809045196e+03 2.722042142493600103e+00
1.433587939698492619e+03 2.710043566501529000e+00
1.458703517587939814e+03 2.697537167023711380e+00
1.483819095477387009e+03 2.684903620738273045e+00
1.508934673366834204e+03 2.672546489801784553e+00
1.534050251256281399e+03 2.660893082493544615e+00
1.559165829145728821e+03 2.650246910379393750e+00
1.584281407035176017e+03 2.640703090378019535e+00
1.609396984924623212e+03 2.632251547299047534e+00
1.634512562814070407e+03 2.624697144173433472e+00
1.659628140703517602e+03 2.617821550859292579e+00
1.684743718592965024e+03 2.611365265296539118e+00
1.709859296482412219e+03 2.605089442191964366e+00
1.734974874371859414e+03 2.598818654903984893e+00
1.760090452261306609e+03 2.592424550973559061e+00
1.785206030150753804e+03 2.585888439872489730e+00
1.810321608040201227e+03 2.579298548036557559e+00
1.835437185929648422e+03 2.572750131696881937e+00
1.860552763819095617e+03 2.566369710648005675e+00
1.885668341708542812e+03 2.560269014898640005e+00
1.910783919597990007e+03 2.554521955155053536e+00
1.935899497487437202e+03 2.549174611581100258e+00
1.961015075376884624e+03 2.544241009249921248e+00
1.986130653266331819e+03 2.539653091954583441e+00
2.011246231155779014e+03 2.535334148562994105e+00
2.036361809045226209e+03 2.531210333901228626e+00
2.061477386934673632e+03 2.527206876324968210e+00
2.086592964824120827e+03 2.523260578531151488e+00
2.111708542713568022e+03 2.519343518308108987e+00
2.136824120603015217e+03 2.515453644149260537e+00
2.161939698492462412e+03 2.511592348084047188e+00
2.187055276381909607e+03 2.507787194467437697e+00
2.212170854271356802e+03 2.504078932278100300e+00
2.237286432160803997e+03 2.500501300476998257e+00
2.262402010050251192e+03 2.497071148361694970e+00
2.287517587939698842e+03 2.493793412940532139e+00
2.312633165829146037e+03 2.490671089154402829e+00
2.337748743718593232e+03 2.487695577937793168e+00
2.362864321608040427e+03 2.484844659690917279e+00
2.387979899497487622e+03 2.482097680446975652e+00
2.413095477386934817e+03 2.479436142421064471e+00
2.438211055276382012e+03 2.476842572067657233e+00
2.463326633165829207e+03 2.474301350144757272e+00
2.488442211055276402e+03 2.471799086948114788e+00
2.513557788944723598e+03 2.469333313496712812e+00
2.538673366834170793e+03 2.466913461330618951e+00
2.563788944723618442e+03 2.464548355709371918e+00
2.588904522613065637e+03 2.462245418573355327e+00
2.614020100502512832e+03 2.460009941755354035e+00
2.639135678391960028e+03 2.457845557696331174e+00
2.664251256281407223e+03 2.455755148393817144e+00
2.689366834170854418e+03 2.453740640144433716e+00
2.714482412060301613e+03 2.451796789675500854e+00
2.739597989949748808e+03 2.449912539268706890e+00
2.764713567839196003e+03 2.448077768586253811e+00
2.789829145728643198e+03 2.446283461634429113e+00
2.814944723618090393e+03 2.444523651651981488e+00
2.840060301507538043e+03 2.442798407389855431e+00
2.865175879396985238e+03 2.441108585123683561e+00
2.890291457286432433e+03 2.439454851550694414e+00
2.915407035175879628e+03 2.437837706421725592e+00
2.940522613065326823e+03 2.436257669604170228e+00
2.965638190954774018e+03 2.434715332575250635e+00
2.990753768844221213e+03 2.433211131815583794e+00
3.015869346733668408e+03 2.431745348959911457e+00
3.040984924623115603e+03 2.430318124864117468e+00
3.066100502512562798e+03 2.428928604945622460e+00
3.091216080402010448e+03 2.427573903795911647e+00
3.116331658291457643e+03 2.426251083172150214e+00
3.141447236180904838e+03 2.424957453734222224e+00
3.166562814070352033e+03 2.423690554854522006e+00
3.191678391959799228e+03 2.422448162039685826e+00
3.216793969849246423e+03 2.421229204437135962e+00
3.241909547738693618e+03 2.420033890670906906e+00
3.267025125628140813e+03 2.418862434315383947e+00
3.292140703517588008e+03 2.417714973721304172e+00
3.317256281407035203e+03 2.416591579298624559e+00
3.342371859296482398e+03 2.415492260293989446e+00
3.367487437185930048e+03 2.414416845796973021e+00
3.392603015075377243e+03 2.413364440483662943e+00
3.417718592964824438e+03 2.412333956509552735e+00
3.442834170854271633e+03 2.411324371229742081e+00
3.467949748743718828e+03 2.410334723117024680e+00
3.493065326633166023e+03 2.409364107730921134e+00
3.518180904522613218e+03 2.408411673986985857e+00
3.543296482412060413e+03 2.407476624202014470e+00
3.568412060301507609e+03 2.406558366496089452e+00
3.593527638190954804e+03 2.405656554430137373e+00
3.618643216080402453e+03 2.404770860738729255e+00
3.643758793969849648e+03 2.403900960060766590e+00
3.668874371859296843e+03 2.403046529360051142e+00
3.693989949748744039e+03 2.402207248301882814e+00
3.719105527638191234e+03 2.401382799589195649e+00
3.744221105527638429e+03 2.400572869261237585e+00
3.769336683417085624e+03 2.399777145145135293e+00
3.794452261306532819e+03 2.398995262298693198e+00
3.819567839195980014e+03 2.398226799634528117e+00
3.844683417085427209e+03 2.397471348143046299e+00
3.869798994974874404e+03 2.396728514275888511e+00
3.894914572864322054e+03 2.395997919237324414e+00
3.920030150753769249e+03 2.395279198313481128e+00
3.945145728643216444e+03 2.394572000236996345e+00
3.970261306532663639e+03 2.393875986585036753e+00
3.995376884422110834e+03 2.393190831208670932e+00
4.020492462311558029e+03 2.392516219691771528e+00
4.045608040201005224e+03 2.391851849051824352e+00
4.070723618090452419e+03 2.391197438474271131e+00
4.095839195979899614e+03 2.390552733113336714e+00
4.120954773869347264e+03 2.389917486792356716e+00
4.146070351758794459e+03 2.389291460295329905e+00
4.171185929648241654e+03 2.388674421140621895e+00
4.196301507537688849e+03 2.388066143362927995e+00
4.221417085427136044e+03 2.387466407303174609e+00
4.246532663316583239e+03 2.386874999406012332e+00
4.271648241206030434e+03 2.386291712024643630e+00
4.296763819095477629e+03 2.385716343232648917e+00
4.321879396984924824e+03 2.385148696642556576e+00
4.346994974874372019e+03 2.384588581230901116e+00
4.372110552763819214e+03 2.384035811169474162e+00
4.397226130653266409e+03 2.383490205662568417e+00
4.422341708542713604e+03 2.382951588546587729e+00
4.447457286432160799e+03 2.382419786148792351e+00
4.472572864321607994e+03 2.381894628367210665e+00
4.497688442211055190e+03 2.381375949820612181e+00
4.522804020100502385e+03 2.380863589706633476e+00
4.547919597989949580e+03 2.380357391652318189e+00
4.573035175879397684e+03 2.379857203570261426e+00
4.598150753768844879e+03 2.379362877520143638e+00
4.623266331658292074e+03 2.378874269575421696e+00
4.648381909547739269e+03 2.378391239694954695e+00
4.673497487437186464e+03 2.377913651599364631e+00
4.698613065326633659e+03 2.377441372651930340e+00
4.723728643216080854e+03 2.376974273743841071e+00
4.748844221105528050e+03 2.376512229183586733e+00
4.773959798994975245e+03 2.376055116590376048e+00
4.799075376884422440e+03 2.375602816791374305e+00
4.824190954773869635e+03 2.375155213722599967e+00
4.849306532663316830e+03 2.374712194333391757e+00
4.874422110552764025e+03 2.374273648494218847e+00
4.899537688442211220e+03 2.373839468907756878e+00
4.924653266331658415e+03 2.373409551023094366e+00
4.949768844221105610e+03 2.372983792956606663e+00
4.974884422110552805e+03 2.372562095441813845e+00
5.000000000000000000e+03 2.372144361733972584e+00
