2.000000000000000000e+00 4.752526919637951153e+00
2.711557788944723768e+01 1.773568443613119783e+01
5.223115577889447536e+01 1.098099334220688128e+01
7.734673366834171304e+01 8.157908643550513261e+00
1.024623115577889507e+02 6.048197459639454543e+00
1.275778894472361884e+02 4.189166126983363547e+00
1.526934673366834261e+02 3.508429130335300350e+00
1.778090452261306496e+02 2.865605583829300862e+00
2.029246231155779014e+02 2.229556116630021290e+00
2.280402010050251533e+02 1.954174367357590869e+00
2.531557788944723768e+02 1.706793638496248322e+00
2.782713567839196003e+02 1.437878795326507531e+00
3.033869346733668522e+02 1.288158403941717989e+00
3.285025125628141041e+02 1.170577492621741822e+00
3.536180904522612991e+02 1.041941588243320505e+00
3.787336683417085510e+02 9.527715349938233880e-01
4.038492462311558029e+02 8.855331164247611797e-01
4.289648241206030548e+02 8.172470855345123075e-01
4.540804020100503067e+02 7.620743736285174874e-01
4.791959798994975017e+02 7.191529472031928938e-01
5.043115577889447536e+02 6.788909179700082230e-01
5.294271356783920055e+02 6.436947001207724561e-01
5.545427135678392006e+02 6.147262913060741463e-01
5.796582914572865093e+02 5.888250452791838896e-01
6.047738693467337043e+02 5.654172799018742923e-01
6.298894472361808994e+02 5.453028363045737681e-01
6.550050251256282081e+02 5.274242965849813558e-01
6.801206030150754032e+02 5.112534730488216272e-01
7.052361809045225982e+02 4.968684095626699215e-01
7.303517587939699069e+02 4.840255643211648362e-01
7.554673366834171020e+02 4.723594416590529144e-01
7.805829145728644107e+02 4.618298455568122240e-01
8.056984924623116058e+02 4.523111033676265325e-01
8.308140703517588008e+02 4.436345514651179878e-01
8.559296482412061096e+02 4.357123977038095952e-01
8.810452261306533046e+02 4.284779758933434657e-01
9.061608040201006133e+02 4.218543033419938082e-01
9.312763819095478084e+02 4.157696752951035024e-01
9.563919597989950034e+02 4.101650229097513756e-01
9.815075376884423122e+02 4.049922396943617664e-01
1.006623115577889507e+03 4.002091317904787338e-01
1.031738693467336816e+03 3.957782197406315983e-01
1.056854271356784011e+03 3.916658404283867023e-01
1.081969849246231206e+03 3.878420532503368823e-01
1.107085427135678401e+03 3.842802739839720205e-01
1.132201005025125596e+03 3.809568381295036499e-01
1.157316582914573019e+03 3.778506206588789773e-01
1.182432160804020214e+03 3.749427102164733516e-01
1.207547738693467409e+03 3.722161563821035357e-01
1.232663316582914604e+03 3.696557358983620367e-01
1.257778894472361799e+03 3.672477480135591943e-01
1.282894472361809221e+03 3.649798373896205317e-01
1.308010050251256416e+03 3.628408404298811285e-01
1.333125628140703611e+03 3.608206521765639496e-01
1.358241206030150806e+03 3.589101179757236415e-01
1.383356783919598001e+03 3.571009267548604371e-01
1.408472361809045196e+03 3.553855136507950152e-01
1.433587939698492619e+03 3.537569819980692087e-01
1.458703517587939814e+03 3.522090347771847374e-01
1.483819095477387009e+03 3.507359140609516146e-01
1.508934673366834204e+03 3.493323474161401099e-01
1.534050251256281399e+03 3.479935003674885508e-01
1.559165829145728821e+03 3.467149341575043731e-01
1.584281407035176017e+03 3.454925681423705597e-01
1.609396984924623212e+03 3.443226462549006106e-01
1.634512562814070407e+03 3.432017069709386581e-01
1.659628140703517602e+03 3.421265549867009703e-01
1.684743718592965024e+03 3.410942376110805418e-01
1.709859296482412219e+03 3.401020249323615796e-01
1.734974874371859414e+03 3.391473903810772739e-01
1.760090452261306609e+03 3.382279931593411004e-01
1.785206030150753804e+03 3.373416624006515541e-01
1.810321608040201227e+03 3.364863828692235548e-01
1.835437185929648422e+03 3.356602820311860857e-01
1.860552763819095617e+03 3.348616183501610943e-01
1.885668341708542812e+03 3.340887706772625032e-01
1.910783919597990007e+03 3.333402286208007048e-01
1.935899497487437202e+03 3.326145837942761085e-01
1.961015075376884624e+03 3.319105218528464185e-01
1.986130653266331819e+03 3.312268152386133035e-01
2.011246231155779014e+03 3.305623165639727246e-01
2.036361809045226209e+03 3.299159525700836038e-01
2.061477386934673632e+03 3.292867185683963083e-01
2.086592964824120827e+03 3.286736732500170621e-01
2.111708542713568022e+03 3.280759342127056444e-01
2.136824120603015217e+03 3.274926737768741880e-01
2.161939698492462412e+03 3.269231150832017652e-01
2.187055276381909607e+03 3.263665285074399680e-01
2.212170854271356802e+03 3.258222283635001104e-01
2.237286432160803997e+03 3.252895698687973680e-01
2.262402010050251192e+03 3.247679463484344220e-01
2.287517587939698842e+03 3.242567866571164359e-01
2.312633165829146037e+03 3.237555527997603155e-01
2.337748743718593232e+03 3.232637377336012308e-01
2.362864321608040427e+03 3.227808633362507784e-01
2.387979899497487622e+03 3.223064785256350984e-01
2.413095477386934817e+03 3.218401575190634745e-01
2.438211055276382012e+03 3.213814982198621717e-01
2.463326633165829207e+03 3.209301207210785156e-01
2.488442211055276402e+03 3.204856659167096833e-01
2.513557788944723598e+03 3.200477942117815888e-01
2.538673366834170793e+03 3.196161843233719657e-01
2.563788944723618442e+03 3.191905321653755734e-01
2.588904522613065637e+03 3.187705497994372528e-01
2.614020100502512832e+03 3.183559644227759722e-01
2.639135678391960028e+03 3.179465175144955413e-01
2.664251256281407223e+03 3.175419640157203793e-01
2.689366834170854418e+03 3.171420715438332261e-01
2.714482412060301613e+03 3.167466196587244154e-01
2.739597989949748808e+03 3.163553991772025120e-01
2.764713567839196003e+03 3.159682115320141538e-01
2.789829145728643198e+03 3.155848681722124849e-01
2.814944723618090393e+03 3.152051900018801311e-01
2.840060301507538043e+03 3.148290068544490339e-01
2.865175879396985238e+03 3.144561570000831141e-01
2.890291457286432433e+03 3.140864866837881908e-01
2.915407035175879628e+03 3.137198496920971524e-01
2.940522613065326823e+03 3.133561069463449700e-01
2.965638190954774018e+03 3.129951261207029045e-01
2.990753768844221213e+03 3.126367812832779314e-01
3.015869346733668408e+03 3.122809525587165735e-01
3.040984924623115603e+03 3.119275258108644144e-01
3.066100502512562798e+03 3.115763923441463024e-01
3.091216080402010448e+03 3.112274486224255177e-01
3.116331658291457643e+03 3.108805960041957639e-01
3.141447236180904838e+03 3.105357404930408904e-01
3.166562814070352033e+03 3.101927925023763022e-01
3.191678391959799228e+03 3.098516666335533465e-01
3.216793969849246423e+03 3.095122814664785782e-01
3.241909547738693618e+03 3.091745593622176602e-01
3.267025125628140813e+03 3.088384262840436767e-01
3.292140703517588008e+03 3.085038116212034387e-01
3.317256281407035203e+03 3.081706480125660508e-01
3.342371859296482398e+03 3.078388711886109741e-01
3.367487437185930048e+03 3.075084198224934395e-01
3.392603015075377243e+03 3.071792353890986371e-01
3.417718592964824438e+03 3.068512620316048434e-01
3.442834170854271633e+03 3.065244464351085107e-01
3.467949748743718828e+03 3.061987377068939864e-01
3.493065326633166023e+03 3.058740872629557295e-01
3.518180904522613218e+03 3.055504487204083186e-01
3.543296482412060413e+03 3.052277777954456872e-01
3.568412060301507609e+03 3.049060322065247908e-01
3.593527638190954804e+03 3.045851715824808292e-01
3.618643216080402453e+03 3.042651573752881977e-01
3.643758793969849648e+03 3.039459527772092606e-01
3.668874371859296843e+03 3.036275226420828699e-01
3.693989949748744039e+03 3.033098334105214233e-01
3.719105527638191234e+03 3.029928530388020791e-01
3.744221105527638429e+03 3.026765509312477342e-01
3.769336683417085624e+03 3.023608978759059207e-01
3.794452261306532819e+03 3.020458659833492598e-01
3.819567839195980014e+03 3.017314286284265012e-01
3.844683417085427209e+03 3.014175603948071047e-01
3.869798994974874404e+03 3.011042370221705400e-01
3.894914572864322054e+03 3.007914353558991949e-01
3.920030150753769249e+03 3.004791332991442188e-01
3.945145728643216444e+03 3.001673097671388457e-01
3.970261306532663639e+03 2.998559446436442899e-01
3.995376884422110834e+03 2.995450187394147479e-01
4.020492462311558029e+03 2.992345137525815324e-01
4.045608040201005224e+03 2.989244122308538643e-01
4.070723618090452419e+03 2.986146975354448396e-01
4.095839195979899614e+03 2.983053538042431119e-01
4.120954773869347264e+03 2.979963659151967370e-01
4.146070351758794459e+03 2.976877194608642530e-01
4.171185929648241654e+03 2.973794007195134648e-01
4.196301507537688849e+03 2.970713966264010852e-01
4.221417085427136044e+03 2.967636947463256902e-01
4.246532663316583239e+03 2.964562832473947585e-01
4.271648241206030434e+03 2.961491508759451219e-01
4.296763819095477629e+03 2.958422869325610938e-01
4.321879396984924824e+03 2.955356812491379270e-01
4.346994974874372019e+03 2.952293241669395329e-01
4.372110552763819214e+03 2.949232065156052740e-01
4.397226130653266409e+03 2.946173195930578692e-01
4.422341708542713604e+03 2.943116551462714447e-01
4.447457286432160799e+03 2.940062053528603725e-01
4.472572864321607994e+03 2.937009628034487063e-01
4.497688442211055190e+03 2.933959204847848001e-01
4.522804020100502385e+03 2.930910717635666352e-01
4.547919597989949580e+03 2.927864103709455490e-01
4.573035175879397684e+03 2.924819303876769472e-01
4.598150753768844879e+03 2.921776262298875770e-01
4.623266331658292074e+03 2.918734926354336623e-01
4.648381909547739269e+03 2.915695246508211436e-01
4.673497487437186464e+03 2.912657176186645436e-01
4.698613065326633659e+03 2.909620671656578672e-01
4.723728643216080854e+03 2.906585691910382740e-01
4.748844221105528050e+03 2.903552198555173769e-01
4.773959798994975245e+03 2.900520155706621250e-01
4.799075376884422440e+03 2.897489529887036230e-01
4.824190954773869635e+03 2.894460289927561214e-01
4.849306532663316830e+03 2.891432406874293037e-01
4.874422110552764025e+03 2.888405853898141085e-01
4.899537688442211220e+03 2.885380606208291510e-01
4.924653266331658415e+03 2.882356640969104267e-01
4.949768844221105610e+03 2.879333937220291961e-01
4.974884422110552805e+03 2.876312475800269497e-01
5.000000000000000000e+03 2.873292239272491888e-01
