2.000000000000000000e+00 3.740688366045448335e-04 4.506960077912844281e+04 8.727829084666256676e+03 1.602250139906400079e+02 5.395765487778533861e+04
2.711557788944723768e+01 5.071546337482723751e-03 4.506959329711509054e+04 8.746796007318912598e+04 1.602250139906400079e+02 1.326977783842948847e+05
5.223115577889447536e+01 9.769023838360903211e-03 4.506957290689468209e+04 1.269853714851550467e+05 1.602250139906400079e+02 1.722151694060403970e+05
7.734673366834171304e+01 1.446650133923908267e-02 4.506953960849256691e+04 1.421543134313853807e+05 1.602250139906400079e+02 1.873840780538686085e+05
1.024623115577889507e+02 1.916397884011726213e-02 4.506949340194985416e+04 1.421209618109791772e+05 1.602250139906400079e+02 1.873506802269196778e+05
1.275778894472361884e+02 2.386145634099543986e-02 4.506943428732403845e+04 1.332520711978796171e+05 1.602250139906400079e+02 1.784817304991942947e+05
1.526934673366834261e+02 2.855893384187362105e-02 4.506936226468843233e+04 1.202784943877137703e+05 1.602250139906400079e+02 1.655080816663928563e+05
1.778090452261306496e+02 3.325641134275179878e-02 4.506927733413223177e+04 1.065863421679280873e+05 1.602250139906400079e+02 1.518158445160509727e+05
2.029246231155779014e+02 3.795388884362997650e-02 4.506917949576101819e+04 9.417013265056685486e+04 1.602250139906400079e+02 1.393995371603185195e+05
2.280402010050251533e+02 4.265136634450816117e-02 4.506906874969599448e+04 8.404811697309275041e+04 1.602250139906400079e+02 1.292774107367793767e+05
2.531557788944723768e+02 4.734884384538633889e-02 4.506894509607462533e+04 7.630536557732521032e+04 1.602250139906400079e+02 1.215345356873904675e+05
2.782713567839196003e+02 5.204632134626450968e-02 4.506880853505028790e+04 7.062057106650291826e+04 1.602250139906400079e+02 1.158496046155438380e+05
3.033869346733668522e+02 5.674379884714269434e-02 4.506865906679254113e+04 6.638898660707926319e+04 1.602250139906400079e+02 1.116178706878624362e+05
3.285025125628141041e+02 6.144127634802087901e-02 4.506849669148650719e+04 6.294680561619433138e+04 1.602250139906400079e+02 1.081755273216714704e+05
3.536180904522612991e+02 6.613875384889904285e-02 4.506832140933386836e+04 5.970850554436085804e+04 1.602250139906400079e+02 1.049370519676853582e+05
3.787336683417085510e+02 7.083623134977723446e-02 4.506813322055196477e+04 5.626858233493163425e+04 1.602250139906400079e+02 1.014969405694742309e+05
4.038492462311558029e+02 7.553370885065541218e-02 4.506793212537434738e+04 5.245406258556305693e+04 1.602250139906400079e+02 9.768221972492804343e+04
4.289648241206030548e+02 8.023118635153358991e-02 4.506771812405024684e+04 4.831542097725679923e+04 1.602250139906400079e+02 9.354336411529769248e+04
4.540804020100503067e+02 8.492866385241176763e-02 4.506749121684543934e+04 4.406199881424351770e+04 1.602250139906400079e+02 8.928971504507960344e+04
4.791959798994975017e+02 8.962614135328994536e-02 4.506725140404122067e+04 3.996923998159838084e+04 1.602250139906400079e+02 8.519671639963024063e+04
5.043115577889447536e+02 9.432361885416812308e-02 4.506699868593509746e+04 3.628828892087279382e+04 1.602250139906400079e+02 8.151551262079853041e+04
5.294271356783920055e+02 9.902109635504631469e-02 4.506673306284067075e+04 3.318635608265692281e+04 1.602250139906400079e+02 7.841331415948823269e+04
5.545427135678392006e+02 1.037185738559244785e-01 4.506645453508719220e+04 3.072338579611257228e+04 1.602250139906400079e+02 7.595006534519040724e+04
5.796582914572865093e+02 1.084160513568026701e-01 4.506616310302043712e+04 2.885948047458844667e+04 1.602250139906400079e+02 7.408586859159953019e+04
6.047738693467337043e+02 1.131135288576808479e-01 4.506585876700172957e+04 2.748026675182483086e+04 1.602250139906400079e+02 7.270635053281720320e+04
6.298894472361808994e+02 1.178110063585590117e-01 4.506554152740864811e+04 2.642747548982796798e+04 1.602250139906400079e+02 7.165324203122725885e+04
6.550050251256282081e+02 1.225084838594372033e-01 4.506521138463469106e+04 2.553074126638727103e+04 1.602250139906400079e+02 7.075617766501259757e+04
6.801206030150754032e+02 1.272059613603153672e-01 4.506486833908945118e+04 2.463798910344109390e+04 1.602250139906400079e+02 6.986308245652118057e+04
7.052361809045225982e+02 1.319034388611935449e-01 4.506451239119823003e+04 2.364200482827546512e+04 1.602250139906400079e+02 6.886674223346433428e+04
7.303517587939699069e+02 1.366009163620717504e-01 4.506414354140275100e+04 2.249589457210192631e+04 1.602250139906400079e+02 6.772026312749531644e+04
7.554673366834171020e+02 1.412983938629499003e-01 4.506376179016041715e+04 2.121366822680314363e+04 1.602250139906400079e+02 6.643765503095420718e+04
7.805829145728644107e+02 1.459958713638281058e-01 4.506336713794471143e+04 1.985582823474056204e+04 1.602250139906400079e+02 6.507942038667591260e+04
8.056984924623116058e+02 1.506933488647062835e-01 4.506295958524514572e+04 1.850574691384118705e+04 1.602250139906400079e+02 6.372893151307696826e+04
8.308140703517588008e+02 1.553908263655844335e-01 4.506253913256730448e+04 1.724574908985665388e+04 1.602250139906400079e+02 6.246851323641459749e+04
8.559296482412061096e+02 1.600883038664626390e-01 4.506210578043252463e+04 1.613862233325245870e+04 1.602250139906400079e+02 6.136095312767562427e+04
8.810452261306533046e+02 1.647857813673408167e-01 4.506165952937839756e+04 1.521699263232123303e+04 1.602250139906400079e+02 6.043887717569027154e+04
9.061608040201006133e+02 1.694832588682189944e-01 4.506120037995825260e+04 1.448244964745228572e+04 1.602250139906400079e+02 5.970387504140117380e+04
9.312763819095478084e+02 1.741807363690971722e-01 4.506072833274171717e+04 1.391067682054294892e+04 1.602250139906400079e+02 5.913163016727530339e+04
9.563919597989950034e+02 1.788782138699753499e-01 4.506024338831404020e+04 1.345795971575756266e+04 1.602250139906400079e+02 5.867842811806224199e+04
9.815075376884423122e+02 1.835756913708535276e-01 4.505974554727676150e+04 1.307488753941540745e+04 1.602250139906400079e+02 5.829485810068280989e+04
1.006623115577889507e+03 1.882731688717317053e-01 4.505923481024722423e+04 1.271276055804418320e+04 1.602250139906400079e+02 5.793222038228204474e+04
1.031738693467336816e+03 1.929706463726099108e-01 4.505871117785888055e+04 1.233017582911154204e+04 1.602250139906400079e+02 5.754911202096105990e+04
1.056854271356784011e+03 1.976681238734880608e-01 4.505817465076099325e+04 1.190040835282862099e+04 1.602250139906400079e+02 5.711880801758025336e+04
1.081969849246231206e+03 2.023656013743662385e-01 4.505762522961903596e+04 1.141868239911299679e+04 1.602250139906400079e+02 5.663653264272266824e+04
1.107085427135678401e+03 2.070630788752444162e-01 4.505706291511414747e+04 1.089857500494156920e+04 1.602250139906400079e+02 5.611586293404635217e+04
1.132201005025125596e+03 2.117605563761225940e-01 4.505648770794380107e+04 1.036428431625566373e+04 1.602250139906400079e+02 5.558099703819010756e+04
1.157316582914573019e+03 2.164580338770007994e-01 4.505589960882123705e+04 9.843547706952316730e+03 1.602250139906400079e+02 5.505967232976419473e+04
1.182432160804020214e+03 2.211555113778789772e-01 4.505529861847556458e+04 9.359517042289375240e+03 1.602250139906400079e+02 5.457504067475558259e+04
1.207547738693467409e+03 2.258529888787571271e-01 4.505468473765214731e+04 8.927953770297632218e+03 1.602250139906400079e+02 5.414286352194041683e+04
1.232663316582914604e+03 2.305504663796353049e-01 4.505405796711205039e+04 8.556345800963585134e+03 1.602250139906400079e+02 5.377062878206627647e+04
1.257778894472361799e+03 2.352479438805134826e-01 4.505341830763245525e+04 8.243559388719437266e+03 1.602250139906400079e+02 5.345720271034253528e+04
1.282894472361809221e+03 2.399454213813916881e-01 4.505276576000642672e+04 7.982221652730406277e+03 1.602250139906400079e+02 5.319521242672747030e+04
1.308010050251256416e+03 2.446428988822698658e-01 4.505210032504311675e+04 7.757793376960422393e+03 1.602250139906400079e+02 5.297011871599417645e+04
1.333125628140703611e+03 2.493403763831480435e-01 4.505142200356742978e+04 7.554432212021741179e+03 1.602250139906400079e+02 5.276607922957980918e+04
1.358241206030150806e+03 2.540378538840262213e-01 4.505073079642043740e+04 7.356235417303721078e+03 1.602250139906400079e+02 5.256719122771480033e+04
1.383356783919598001e+03 2.587353313849043990e-01 4.505002670445897820e+04 7.152224553983039186e+03 1.602250139906400079e+02 5.236247627243265742e+04
1.408472361809045196e+03 2.634328088857825767e-01 4.504930972855604341e+04 6.935903958479089852e+03 1.602250139906400079e+02 5.214543870102577057e+04
1.433587939698492619e+03 2.681302863866607544e-01 4.504857986960036214e+04 6.706890089808484845e+03 1.602250139906400079e+02 5.191569497339948430e+04
1.458703517587939814e+03 2.728277638875389322e-01 4.504783712849683070e+04 6.468165511030420930e+03 1.602250139906400079e+02 5.167622765351788985e+04
1.483819095477387009e+03 2.775252413884171099e-01 4.504708150616608327e+04 6.227019259449331003e+03 1.602250139906400079e+02 5.143432577960604976e+04
1.508934673366834204e+03 2.822227188892952876e-01 4.504631300354484119e+04 5.991178573947707264e+03 1.602250139906400079e+02 5.119771659148318577e+04
1.534050251256281399e+03 2.869201963901734653e-01 4.504553162158565829e+04 5.768825374243901933e+03 1.602250139906400079e+02 5.097458200982020207e+04
1.559165829145728821e+03 2.916176738910516431e-01 4.504473736125712458e+04 5.565771172215573642e+03 1.602250139906400079e+02 5.077073354746333644e+04
1.584281407035176017e+03 2.963151513919298208e-01 4.504393022354370623e+04 5.383837225957119699e+03 1.602250139906400079e+02 5.058799246349146415e+04
1.609396984924623212e+03 3.010126288928079985e-01 4.504311020944583288e+04 5.222830618925942872e+03 1.602250139906400079e+02 5.042616584236241761e+04
1.634512562814070407e+03 3.057101063936861762e-01 4.504227731997984665e+04 5.079014948828096749e+03 1.602250139906400079e+02 5.028151728279858071e+04
1.659628140703517602e+03 3.104075838945643540e-01 4.504143155617798766e+04 4.948209720155782634e+03 1.602250139906400079e+02 5.014986629032441124e+04
1.684743718592965024e+03 3.151050613954425872e-01 4.504057291908847401e+04 4.825446094671257924e+03 1.602250139906400079e+02 5.002624402775037015e+04
1.709859296482412219e+03 3.198025388963207094e-01 4.503970140977547271e+04 4.706150761275512195e+03 1.602250139906400079e+02 4.990607718504162040e+04
1.734974874371859414e+03 3.245000163971988871e-01 4.503881702931891050e+04 4.586964722738695855e+03 1.602250139906400079e+02 4.978600676604824548e+04
1.760090452261306609e+03 3.291974938980770649e-01 4.503791977881480125e+04 4.465430338624135402e+03 1.602250139906400079e+02 4.966357513142957760e+04
1.785206030150753804e+03 3.338949713989552426e-01 4.503700965937500587e+04 4.341189729383163467e+03 1.602250139906400079e+02 4.953842440274880937e+04
1.810321608040201227e+03 3.385924488998334758e-01 4.503608667212727596e+04 4.215932216874807636e+03 1.602250139906400079e+02 4.941224390299271909e+04
1.835437185929648422e+03 3.432899264007116535e-01 4.503515081821539206e+04 4.091481726530503238e+03 1.602250139906400079e+02 4.928685755873653397e+04
1.860552763819095617e+03 3.479874039015897758e-01 4.503420209879884351e+04 3.970260805436162627e+03 1.602250139906400079e+02 4.916468791822564526e+04
1.885668341708542812e+03 3.526848814024679535e-01 4.503324051505316311e+04 3.854408812012411090e+03 1.602250139906400079e+02 4.904787434105621651e+04
1.910783919597990007e+03 3.573823589033461312e-01 4.503226606816963613e+04 3.745340956438131798e+03 1.602250139906400079e+02 4.893783203859840432e+04
1.935899497487437202e+03 3.620798364042243089e-01 4.503127875935563497e+04 3.643939561260074242e+03 1.602250139906400079e+02 4.883544333460634516e+04
1.961015075376884624e+03 3.667773139051025422e-01 4.503027858983443002e+04 3.550473171504614584e+03 1.602250139906400079e+02 4.874097677532968373e+04
1.986130653266331819e+03 3.714747914059807199e-01 4.502926556084489130e+04 3.463638674073626134e+03 1.602250139906400079e+02 4.865312924890915747e+04
2.011246231155779014e+03 3.761722689068588976e-01 4.502823967364207056e+04 3.381967234956533957e+03 1.602250139906400079e+02 4.857043192258924682e+04
2.036361809045226209e+03 3.808697464077370198e-01 4.502720092949672835e+04 3.304044896298399635e+03 1.602250139906400079e+02 4.849147083978576848e+04
2.061477386934673632e+03 3.855672239086152531e-01 4.502614932969569054e+04 3.228439960559594965e+03 1.602250139906400079e+02 4.841481430424592691e+04
2.086592964824120827e+03 3.902647014094934308e-01 4.502508487554138992e+04 3.153942350842829001e+03 1.602250139906400079e+02 4.833925224037485896e+04
2.111708542713568022e+03 3.949621789103716085e-01 4.502400756835240463e+04 3.080017422968825485e+03 1.602250139906400079e+02 4.826425000531187106e+04
2.136824120603015217e+03 3.996596564112497862e-01 4.502291740946300706e+04 3.006625894211177183e+03 1.602250139906400079e+02 4.818976831766482064e+04
2.161939698492462412e+03 4.043571339121279640e-01 4.502181440022333845e+04 2.933794417218712624e+03 1.602250139906400079e+02 4.811583383143269020e+04
2.187055276381909607e+03 4.090546114130060862e-01 4.502069854199957626e+04 2.862050781395211288e+03 1.602250139906400079e+02 4.804297433738542895e+04
2.212170854271356802e+03 4.137520889138842639e-01 4.501956983617348305e+04 2.792175229802999183e+03 1.602250139906400079e+02 4.797197007996711909e+04
2.237286432160803997e+03 4.184495664147624416e-01 4.501842828414287942e+04 2.724813780593902266e+03 1.602250139906400079e+02 4.790346707872742263e+04
2.262402010050251192e+03 4.231470439156406194e-01 4.501727388732136751e+04 2.660289055675012150e+03 1.602250139906400079e+02 4.783778795698702015e+04
2.287517587939698842e+03 4.278445214165189081e-01 4.501610664713844744e+04 2.598695585392925750e+03 1.602250139906400079e+02 4.777502724652201141e+04
2.312633165829146037e+03 4.325419989173970303e-01 4.501492656503932812e+04 2.540090714181289968e+03 1.602250139906400079e+02 4.771524229321126040e+04
2.337748743718593232e+03 4.372394764182752080e-01 4.501373364248521102e+04 2.484309789259697027e+03 1.602250139906400079e+02 4.765826844573554990e+04
2.362864321608040427e+03 4.419369539191533858e-01 4.501252788095313736e+04 2.430927357523878072e+03 1.602250139906400079e+02 4.760368025246765319e+04
2.387979899497487622e+03 4.466344314200315635e-01 4.501130928193576256e+04 2.379547943941076483e+03 1.602250139906400079e+02 4.755108223986747907e+04
2.413095477386934817e+03 4.513319089209097412e-01 4.501007784694178554e+04 2.329817359134025992e+03 1.602250139906400079e+02 4.750012022006644838e+04
2.438211055276382012e+03 4.560293864217879189e-01 4.500883357749573042e+04 2.281401025417991150e+03 1.602250139906400079e+02 4.745045961690435797e+04
2.463326633165829207e+03 4.607268639226660967e-01 4.500757647513773554e+04 2.233999870522903166e+03 1.602250139906400079e+02 4.740180135965127556e+04
2.488442211055276402e+03 4.654243414235442744e-01 4.500630654142403364e+04 2.187357512421413958e+03 1.602250139906400079e+02 4.735388906783608400e+04
2.513557788944723598e+03 4.701218189244223966e-01 4.500502377792639163e+04 2.141426674523276688e+03 1.602250139906400079e+02 4.730667546644030517e+04
2.538673366834170793e+03 4.748192964253005743e-01 4.500372818623252533e+04 2.096387946435305366e+03 1.602250139906400079e+02 4.726034114665847301e+04
2.563788944723618442e+03 4.795167739261788631e-01 4.500241976794612128e+04 2.052410308941918174e+03 1.602250139906400079e+02 4.721505509087867540e+04
2.588904522613065637e+03 4.842142514270570408e-01 4.500109852468634199e+04 2.009635872642133791e+03 1.602250139906400079e+02 4.717095941131911241e+04
2.614020100502512832e+03 4.889117289279352185e-01 4.499976445808830613e+04 1.968165961707430824e+03 1.602250139906400079e+02 4.712815543378637813e+04
2.639135678391960028e+03 4.936092064288133408e-01 4.499841756980289938e+04 1.928070126951093471e+03 1.602250139906400079e+02 4.708671271074462857e+04
2.664251256281407223e+03 4.983066839296915185e-01 4.499705786149689811e+04 1.889403549992775424e+03 1.602250139906400079e+02 4.704668642548031494e+04
2.689366834170854418e+03 5.030041614305696962e-01 4.499568533485257649e+04 1.852203113074313478e+03 1.602250139906400079e+02 4.700811346191752818e+04
2.714482412060301613e+03 5.077016389314479294e-01 4.499429999156836129e+04 1.816368418499393101e+03 1.602250139906400079e+02 4.697089342405839125e+04
2.739597989949748808e+03 5.123991164323260517e-01 4.499290183335817710e+04 1.781687735976787735e+03 1.602250139906400079e+02 4.693481458332560578e+04
2.764713567839196003e+03 5.170965939332041739e-01 4.499149086195181735e+04 1.747967283770488848e+03 1.602250139906400079e+02 4.689968315971294214e+04
2.789829145728643198e+03 5.217940714340824071e-01 4.499006707909476972e+04 1.715034425648620754e+03 1.602250139906400079e+02 4.686532651873402938e+04
2.814944723618090393e+03 5.264915489349605293e-01 4.498863048654843442e+04 1.682774910794481684e+03 1.602250139906400079e+02 4.683163041133355728e+04
2.840060301507538043e+03 5.311890264358387626e-01 4.498718108608987677e+04 1.651190053845458579e+03 1.602250139906400079e+02 4.679859615392597334e+04
2.865175879396985238e+03 5.358865039367169958e-01 4.498571887951167446e+04 1.620296248617521542e+03 1.602250139906400079e+02 4.676624014211983740e+04
2.890291457286432433e+03 5.405839814375951180e-01 4.498424386862268875e+04 1.590106258942262230e+03 1.602250139906400079e+02 4.673457514155559329e+04
2.915407035175879628e+03 5.452814589384733512e-01 4.498275605524701677e+04 1.560629652016098589e+03 1.602250139906400079e+02 4.670361072125375358e+04
2.940522613065326823e+03 5.499789364393514735e-01 4.498125544122469000e+04 1.531876380202980044e+03 1.602250139906400079e+02 4.667335683541830804e+04
2.965638190954774018e+03 5.546764139402297067e-01 4.497974202841153601e+04 1.503857767006205677e+03 1.602250139906400079e+02 4.664382480940838286e+04
2.990753768844221213e+03 5.593738914411078289e-01 4.497821581867902569e+04 1.476582168103058166e+03 1.602250139906400079e+02 4.661502300077272230e+04
3.015869346733668408e+03 5.640713689419860621e-01 4.497667681391430961e+04 1.450054974230900825e+03 1.602250139906400079e+02 4.658695680213585001e+04
3.040984924623115603e+03 5.687688464428641844e-01 4.497512501602037810e+04 1.424278880536517136e+03 1.602250139906400079e+02 4.655962891054753709e+04
3.066100502512562798e+03 5.734663239437423066e-01 4.497356042691575567e+04 1.399237521910585428e+03 1.602250139906400079e+02 4.653302296281698364e+04
3.091216080402010448e+03 5.781638014446206508e-01 4.497198304853482841e+04 1.374875647820231279e+03 1.602250139906400079e+02 4.650708371034570155e+04
3.116331658291457643e+03 5.828612789454987730e-01 4.497039288282768393e+04 1.351136996067321661e+03 1.602250139906400079e+02 4.648175489288564131e+04
3.141447236180904838e+03 5.875587564463770063e-01 4.496878993175992946e+04 1.327970070323593291e+03 1.602250139906400079e+02 4.645698501607416256e+04
3.166562814070352033e+03 5.922562339472551285e-01 4.496717419731309928e+04 1.305327753536665114e+03 1.602250139906400079e+02 4.643272696484040353e+04
3.191678391959799228e+03 5.969537114481332507e-01 4.496554568148421095e+04 1.283167450038568404e+03 1.602250139906400079e+02 4.640893814551342075e+04
3.216793969849246423e+03 6.016511889490114839e-01 4.496390438628615084e+04 1.261468653577981058e+03 1.602250139906400079e+02 4.638559805385477375e+04
3.241909547738693618e+03 6.063486664498896062e-01 4.496225031374725222e+04 1.240235356772546993e+03 1.602250139906400079e+02 4.636271068451043539e+04
3.267025125628140813e+03 6.110461439507678394e-01 4.496058346591172449e+04 1.219471647011299183e+03 1.602250139906400079e+02 4.634028012691366166e+04
3.292140703517588008e+03 6.157436214516459616e-01 4.495890384483939124e+04 1.199180171316631913e+03 1.602250139906400079e+02 4.631830903014666546e+04
3.317256281407035203e+03 6.204410989525241948e-01 4.495721145260555204e+04 1.179362275793689378e+03 1.602250139906400079e+02 4.629679874238988123e+04
3.342371859296482398e+03 6.251385764534023171e-01 4.495550629130146990e+04 1.160018135402146754e+03 1.602250139906400079e+02 4.627574944069425692e+04
3.367487437185930048e+03 6.298360539542805503e-01 4.495378836303376738e+04 1.141144475513790212e+03 1.602250139906400079e+02 4.625515785253819922e+04
3.392603015075377243e+03 6.345335314551587835e-01 4.495205766992496501e+04 1.122724150717353723e+03 1.602250139906400079e+02 4.623500683463295718e+04
3.417718592964824438e+03 6.392310089560369057e-01 4.495031421411304473e+04 1.104736329282062115e+03 1.602250139906400079e+02 4.621527555738574301e+04
3.442834170854271633e+03 6.439284864569151390e-01 4.494855799775156629e+04 1.087161427876437983e+03 1.602250139906400079e+02 4.619594443961864454e+04
3.467949748743718828e+03 6.486259639577932612e-01 4.494678902300996560e+04 1.069981033409193060e+03 1.602250139906400079e+02 4.617699507040980097e+04
3.493065326633166023e+03 6.533234414586713834e-01 4.494500729207300174e+04 1.053177825846624501e+03 1.602250139906400079e+02 4.615841013191026286e+04
3.518180904522613218e+03 6.580209189595496166e-01 4.494321280714130990e+04 1.036735506778115905e+03 1.602250139906400079e+02 4.614017332791006629e+04
3.543296482412060413e+03 6.627183964604277389e-01 4.494140557043093577e+04 1.020638800282463421e+03 1.602250139906400079e+02 4.612226938470403547e+04
3.568412060301507609e+03 6.674158739613059721e-01 4.493958558417364839e+04 1.004876371058100176e+03 1.602250139906400079e+02 4.610468696922238450e+04
3.593527638190954804e+03 6.721133514621840943e-01 4.493775285061668546e+04 9.894415833869460357e+02 1.602250139906400079e+02 4.608741944799426710e+04
3.618643216080402453e+03 6.768108289630623275e-01 4.493590737202314631e+04 9.743281686640044654e+02 1.602250139906400079e+02 4.607046055467778933e+04
3.643758793969849648e+03 6.815083064639405608e-01 4.493404915067129332e+04 9.595298947324396295e+02 1.602250139906400079e+02 4.605380405939437333e+04
3.668874371859296843e+03 6.862057839648186830e-01 4.493217818885538145e+04 9.450405739355969672e+02 1.602250139906400079e+02 4.603744377678161982e+04
3.693989949748744039e+03 6.909032614656969162e-01 4.493029448888498882e+04 9.308540703287550286e+02 1.602250139906400079e+02 4.602137357320438605e+04
3.719105527638191234e+03 6.956007389665750384e-01 4.492839805308534415e+04 9.169643061147701246e+02 1.602250139906400079e+02 4.600558737319075590e+04
3.744221105527638429e+03 7.002982164674532717e-01 4.492648888379721029e+04 9.033652673634220491e+02 1.602250139906400079e+02 4.599007916515126999e+04
3.769336683417085624e+03 7.049956939683313939e-01 4.492456698337694979e+04 8.900509743623938448e+02 1.602250139906400079e+02 4.597484297172998049e+04
3.794452261306532819e+03 7.096931714692096271e-01 4.492263235419631383e+04 8.770144369789675238e+02 1.602250139906400079e+02 4.595987180516592343e+04
3.819567839195980014e+03 7.143906489700877493e-01 4.492068499864287151e+04 8.642475900200556680e+02 1.602250139906400079e+02 4.594515760265356948e+04
3.844683417085427209e+03 7.190881264709658716e-01 4.491872491911945690e+04 8.517425995377992649e+02 1.602250139906400079e+02 4.593069253264789586e+04
3.869798994974874404e+03 7.237856039718441048e-01 4.491675211804471473e+04 8.394919276136909048e+02 1.602250139906400079e+02 4.591646905964904727e+04
3.894914572864322054e+03 7.284830814727223380e-01 4.491476659785247466e+04 8.274883187912968197e+02 1.602250139906400079e+02 4.590247993063441390e+04
3.920030150753769249e+03 7.331805589736004602e-01 4.491276836099231878e+04 8.157247872319483122e+02 1.602250139906400079e+02 4.588871816221490735e+04
3.945145728643216444e+03 7.378780364744786935e-01 4.491075740992930514e+04 8.041946045496750912e+02 1.602250139906400079e+02 4.587517702846961765e+04
3.970261306532663639e+03 7.425755139753568157e-01 4.490873374714395322e+04 7.928912882846916546e+02 1.602250139906400079e+02 4.586185004941928491e+04
3.995376884422110834e+03 7.472729914762350489e-01 4.490669737513228029e+04 7.818085909773706135e+02 1.602250139906400079e+02 4.584873098010029207e+04
4.020492462311558029e+03 7.519704689771131711e-01 4.490464829640581593e+04 7.709404898072626793e+02 1.602250139906400079e+02 4.583581380020371580e+04
4.045608040201005224e+03 7.566679464779914044e-01 4.490258651349157299e+04 7.602811808646415557e+02 1.602250139906400079e+02 4.582309270834685594e+04
4.070723618090452419e+03 7.613654239788695266e-01 4.490051202893200389e+04 7.498252846869743280e+02 1.602250139906400079e+02 4.581056232760961575e+04
4.095839195979899614e+03 7.660629014797477598e-01 4.489842484528508794e+04 7.395679190357368498e+02 1.602250139906400079e+02 4.579821777831146028e+04
4.120954773869347264e+03 7.707603789806259931e-01 4.489632496512425132e+04 7.295043676494328793e+02 1.602250139906400079e+02 4.578605434676432196e+04
4.146070351758794459e+03 7.754578564815041153e-01 4.489421239103834523e+04 7.196300475309973308e+02 1.602250139906400079e+02 4.577406745255998248e+04
4.171185929648241654e+03 7.801553339823823485e-01 4.489208712563168956e+04 7.099405046147546727e+02 1.602250139906400079e+02 4.576225264423707995e+04
4.196301507537688849e+03 7.848528114832604707e-01 4.488994917152405833e+04 7.004314095915809730e+02 1.602250139906400079e+02 4.575060559510628082e+04
4.221417085427136044e+03 7.895502889841387040e-01 4.488779853135067242e+04 6.910985538858842574e+02 1.602250139906400079e+02 4.573912209922719921e+04
4.246532663316583239e+03 7.942477664850168262e-01 4.488563520776214864e+04 6.819378457783533349e+02 1.602250139906400079e+02 4.572779806753114099e+04
4.271648241206030434e+03 7.989452439858949484e-01 4.488345920342459431e+04 6.729453066686444345e+02 1.602250139906400079e+02 4.571662952408388082e+04
4.296763819095477629e+03 8.036427214867731816e-01 4.488127052101941081e+04 6.641170674724399987e+02 1.602250139906400079e+02 4.570561260248249164e+04
4.321879396984924824e+03 8.083401989876513039e-01 4.487906916324348276e+04 6.554493651475535216e+02 1.602250139906400079e+02 4.569474354238167871e+04
4.346994974874372019e+03 8.130376764885295371e-01 4.487685513280909800e+04 6.469385393439939662e+02 1.602250139906400079e+02 4.568401868614373234e+04
4.372110552763819214e+03 8.177351539894076593e-01 4.487462843244401301e+04 6.385810291730883819e+02 1.602250139906400079e+02 4.567343447560774075e+04
4.397226130653266409e+03 8.224326314902858925e-01 4.487238906489119108e+04 6.303733700910180460e+02 1.602250139906400079e+02 4.566298744897284632e+04
4.422341708542713604e+03 8.271301089911640148e-01 4.487013703290915146e+04 6.223121862322292372e+02 1.602250139906400079e+02 4.565267423313202016e+04
4.447457286432160799e+03 8.318275864920421370e-01 4.486787233927169291e+04 6.143941494097565510e+02 1.602250139906400079e+02 4.564249150267209188e+04
4.472572864321607994e+03 8.365250639929203702e-01 4.486559498676792282e+04 6.066159997929587462e+02 1.602250139906400079e+02 4.563243600055151910e+04
4.497688442211055190e+03 8.412225414937984924e-01 4.486330497820245364e+04 5.989745679263081684e+02 1.602250139906400079e+02 4.562250456011939968e+04
4.522804020100502385e+03 8.459200189946767257e-01 4.486100231639519916e+04 5.914667720133969624e+02 1.602250139906400079e+02 4.561269410239923309e+04
4.547919597989949580e+03 8.506174964955548479e-01 4.485868700418136723e+04 5.840896150548484229e+02 1.602250139906400079e+02 4.560300163322685694e+04
4.573035175879397684e+03 8.553149739964331921e-01 4.485635904441153980e+04 5.768401820939177469e+02 1.602250139906400079e+02 4.559342424049609690e+04
4.598150753768844879e+03 8.600124514973114254e-01 4.485401843995156378e+04 5.697156375651892404e+02 1.602250139906400079e+02 4.558395909150739317e+04
4.623266331658292074e+03 8.647099289981895476e-01 4.485166519368279842e+04 5.627132227420063373e+02 1.602250139906400079e+02 4.557460343041544547e+04
4.648381909547739269e+03 8.694074064990677808e-01 4.484929930850167148e+04 5.558302532784801997e+02 1.602250139906400079e+02 4.556535457577079069e+04
4.673497487437186464e+03 8.741048839999459030e-01 4.484692078732007940e+04 5.490641168421020666e+02 1.602250139906400079e+02 4.555620991815281741e+04
4.698613065326633659e+03 8.788023615008240252e-01 4.484452963306505990e+04 5.424122708331838112e+02 1.602250139906400079e+02 4.554716691788888420e+04
4.723728643216080854e+03 8.834998390017022585e-01 4.484212584867919941e+04 5.358722401875324977e+02 1.602250139906400079e+02 4.553822310285737331e+04
4.748844221105528050e+03 8.881973165025803807e-01 4.483970943712014559e+04 5.294416152588995601e+02 1.602250139906400079e+02 4.552937606636968121e+04
4.773959798994975245e+03 8.928947940034586139e-01 4.483728040136086929e+04 5.231180497779498637e+02 1.602250139906400079e+02 4.552062346512945805e+04
4.799075376884422440e+03 8.975922715043367361e-01 4.483483874438971543e+04 5.168992588846112994e+02 1.602250139906400079e+02 4.551196301726496313e+04
4.824190954773869635e+03 9.022897490052149694e-01 4.483238446921010473e+04 5.107830172308163128e+02 1.602250139906400079e+02 4.550339250043156062e+04
4.849306532663316830e+03 9.069872265060930916e-01 4.482991757884085382e+04 5.047671571507968338e+02 1.602250139906400079e+02 4.549490974998228921e+04
4.874422110552764025e+03 9.116847040069713248e-01 4.482743807631601521e+04 4.988495668961951424e+02 1.602250139906400079e+02 4.548651265720285301e+04
4.899537688442211220e+03 9.163821815078494470e-01 4.482494596468479722e+04 4.930281889334110019e+02 1.602250139906400079e+02 4.547819916760885098e+04
4.924653266331658415e+03 9.210796590087275693e-01 4.482244124701171677e+04 4.873010183006817329e+02 1.602250139906400079e+02 4.546996727930304041e+04
4.949768844221105610e+03 9.257771365096058025e-01 4.481992392637643934e+04 4.816661010931713349e+02 1.602250139906400079e+02 4.546181504146024963e+04
4.974884422110552805e+03 9.304746140104839247e-01 4.481739400587390992e+04 4.761215335028579148e+02 1.602250139906400079e+02 4.545374055336741003e+04
5.000000000000000000e+03 9.351720915113621579e-01 4.481485148861428024e+04 4.706654599915424342e+02 1.602250139906400079e+02 4.544574196259646124e+04
