2.000000000000000000e+00 1.850050275717585050e-03 6.301952768677256789e-06 1.108419485521745015e-03 6.402962938290121026e-06 1.121124401228712399e-03
5.248484848484848442e+01 4.854980420519480755e-02 6.301788198099369801e-06 2.126454086546555357e-03 6.402962938290121026e-06 2.139158837682945090e-03
1.029696969696969688e+02 9.524955813467203547e-02 6.301318746012127975e-06 1.014479523639117082e-03 6.402962938290121026e-06 1.027183805323419368e-03
1.534545454545454390e+02 1.419493120641492356e-01 6.300544688544325787e-06 5.987265711057073760e-04 6.402962938290121026e-06 6.114300787325417999e-04
2.039393939393939377e+02 1.886490659936264913e-01 6.299466480329294173e-06 3.610993069905666275e-04 6.402962938290121026e-06 3.738017364091860122e-04
2.544242424242424363e+02 2.353488199231037192e-01 6.298084753268601727e-06 2.345030850615996106e-04 6.402962938290121026e-06 2.472041327531583469e-04
3.049090909090908781e+02 2.820485738525809194e-01 6.296400314820785568e-06 1.707758445532757744e-04 6.402962938290121026e-06 1.834752078063866827e-04
3.553939393939393767e+02 3.287483277820581473e-01 6.294414145826542580e-06 1.274212741626663229e-04 6.402962938290121026e-06 1.401186512467830119e-04
4.058787878787878753e+02 3.754480817115353752e-01 6.292127397884878839e-06 9.658267581910844383e-05 6.402962938290121026e-06 1.092777661552834395e-04
4.563636363636363740e+02 4.221478356410126032e-01 6.289541390297528889e-06 7.606642999675059468e-05 6.402962938290121026e-06 8.875893432533824121e-05
5.068484848484848726e+02 4.688475895704898311e-01 6.286657606601555220e-06 6.126183378561873578e-05 6.402962938290121026e-06 7.395145433051041202e-05
5.573333333333333712e+02 5.155473434999671145e-01 6.283477690712513341e-06 5.001906041172372261e-05 6.402962938290121026e-06 6.270550104072635444e-05
6.078181818181817562e+02 5.622470974294442314e-01 6.280003442702599858e-06 4.151442389112818795e-05 6.402962938290121026e-06 5.419739027212091138e-05
6.583030303030302548e+02 6.089468513589214593e-01 6.276236814240160172e-06 3.492013907254177656e-05 6.402962938290121026e-06 4.759933882507206030e-05
7.087878787878787534e+02 6.556466052883986873e-01 6.272179903718446892e-06 2.969068971945258733e-05 6.402962938290121026e-06 4.236583256146115694e-05
7.592727272727272521e+02 7.023463592178759152e-01 6.267834951102881247e-06 2.549229056890434526e-05 6.402962938290121026e-06 3.816308845829734838e-05
8.097575757575757507e+02 7.490461131473531431e-01 6.263204332526888016e-06 2.208072239393122930e-05 6.402962938290121026e-06 3.474688966474823919e-05
8.602424242424242493e+02 7.957458670768303710e-01 6.258290554667259637e-06 1.927325501459250151e-05 6.402962938290121026e-06 3.193450850754988641e-05
9.107272727272727479e+02 8.424456210063075989e-01 6.253096248930177117e-06 1.693800725571855417e-05 6.402962938290121026e-06 2.959406644293885655e-05
9.612121212121212466e+02 8.891453749357848269e-01 6.247624165479176283e-06 1.497847269345921359e-05 6.402962938290121026e-06 2.762905979722851175e-05
1.011696969696969745e+03 9.358451288652621658e-01 6.241877167136167514e-06 1.332037826368298978e-05 6.402962938290121026e-06 2.596521836910928001e-05
1.062181818181818244e+03 9.825448827947393937e-01 6.235858223186042794e-06 1.190659190296642999e-05 6.402962938290121026e-06 2.454541306444259127e-05
1.112666666666666742e+03 1.029244636724216511e+00 6.229570403114793223e-06 1.069266161206641438e-05 6.402962938290121026e-06 2.332519495347132947e-05
1.163151515151515241e+03 1.075944390653693850e+00 6.223016870310047056e-06 9.643655754579230670e-06 6.402962938290121026e-06 2.226963556317939960e-05
1.213636363636363512e+03 1.122644144583170744e+00 6.216200875751759298e-06 8.731848545935341429e-06 6.402962938290121026e-06 2.135101235997722091e-05
1.264121212121212011e+03 1.169343898512648083e+00 6.209125751719562435e-06 7.935041855513635850e-06 6.402962938290121026e-06 2.054713054552332016e-05
1.314606060606060510e+03 1.216043652442125422e+00 6.201794905541668366e-06 7.235282583446489728e-06 6.402962938290121026e-06 1.984004042727827827e-05
1.365090909090909008e+03 1.262743406371602539e+00 6.194211813408714886e-06 6.617927264621039047e-06 6.402962938290121026e-06 1.921510201631987242e-05
1.415575757575757507e+03 1.309443160301079878e+00 6.186380014274153539e-06 6.070944068630746424e-06 6.402962938290121026e-06 1.866028702119502014e-05
1.466060606060606005e+03 1.356142914230556995e+00 6.178303103861081546e-06 5.584379046653338391e-06 6.402962938290121026e-06 1.816564508880454096e-05
1.516545454545454504e+03 1.402842668160034334e+00 6.169984728793502883e-06 5.149940768505354358e-06 6.402962938290121026e-06 1.772288843558897996e-05
1.567030303030303003e+03 1.449542422089511451e+00 6.161428580868158704e-06 4.760683997076694893e-06 6.402962938290121026e-06 1.732507551623497632e-05
1.617515151515151501e+03 1.496242176018988790e+00 6.152638391481313981e-06 4.410761700775709131e-06 6.402962938290121026e-06 1.696636303054714498e-05
1.668000000000000000e+03 1.542941929948465907e+00 6.143617926222850079e-06 4.095225485059571189e-06 6.402962938290121026e-06 1.664180634957254060e-05
1.718484848484848499e+03 1.589641683877943246e+00 6.134370979648388424e-06 3.809866716232904527e-06 6.402962938290121026e-06 1.634720063417141440e-05
1.768969696969696997e+03 1.636341437807420363e+00 6.124901370238306896e-06 3.551089224997342392e-06 6.402962938290121026e-06 1.607895353352576989e-05
1.819454545454545496e+03 1.683041191736897702e+00 6.115212935550843667e-06 3.315806647796040455e-06 6.402962938290121026e-06 1.583398252163700600e-05
1.869939393939393995e+03 1.729740945666374818e+00 6.105309527574928013e-06 3.101358901162488828e-06 6.402962938290121026e-06 1.560963136702753660e-05
1.920424242424242493e+03 1.776440699595852157e+00 6.095195008286743730e-06 2.905444228188085029e-06 6.402962938290121026e-06 1.540360217476495190e-05
1.970909090909090992e+03 1.823140453525329496e+00 6.084873245412713631e-06 2.726063851351223787e-06 6.402962938290121026e-06 1.521390003505405887e-05
2.021393939393939490e+03 1.869840207454806613e+00 6.074348108400259529e-06 2.561475964149197239e-06 6.402962938290121026e-06 1.503878701083957907e-05
2.071878787878787989e+03 1.916539961384283952e+00 6.063623464596352113e-06 2.410157578019401163e-06 6.402962938290121026e-06 1.487674398090587473e-05
2.122363636363636488e+03 1.963239715313761069e+00 6.052703175632962163e-06 2.270772762687641263e-06 6.402962938290121026e-06 1.472643887661072530e-05
2.172848484848484986e+03 2.009939469243238186e+00 6.041591094017321806e-06 2.142146091442836669e-06 6.402962938290121026e-06 1.458670012375027738e-05
2.223333333333333485e+03 2.056639223172715525e+00 6.030291059924188714e-06 2.023240344662980504e-06 6.402962938290121026e-06 1.445649434287729194e-05
2.273818181818181984e+03 2.103338977102192864e+00 6.018806898186335507e-06 1.913137713414910043e-06 6.402962938290121026e-06 1.433490754989136658e-05
2.324303030303030482e+03 2.150038731031670203e+00 6.007142415478995294e-06 1.811023839571431590e-06 6.402962938290121026e-06 1.422112919334054664e-05
2.374787878787878981e+03 2.196738484961147098e+00 5.995301397693282805e-06 1.716174230853193298e-06 6.402962938290121026e-06 1.411443856683659522e-05
2.425272727272727025e+03 2.243438238890623992e+00 5.983287607493071854e-06 1.627942909342271001e-06 6.402962938290121026e-06 1.401419345512546430e-05
2.475757575757575523e+03 2.290137992820101331e+00 5.971104782049634518e-06 1.545752581376525124e-06 6.402962938290121026e-06 1.391982030171628151e-05
2.526242424242424022e+03 2.336837746749578670e+00 5.958756630947672353e-06 1.469086175136691824e-06 6.402962938290121026e-06 1.383080574437448542e-05
2.576727272727272521e+03 2.383537500679056009e+00 5.946246834256486005e-06 1.397479559050376682e-06 6.402962938290121026e-06 1.374668933159698329e-05
2.627212121212121019e+03 2.430237254608532904e+00 5.933579040759534890e-06 1.330515257611614306e-06 6.402962938290121026e-06 1.366705723666127043e-05
2.677696969696969518e+03 2.476937008538010243e+00 5.920756866335739448e-06 1.267817012496664380e-06 6.402962938290121026e-06 1.359153681712252528e-05
2.728181818181818016e+03 2.523636762467487582e+00 5.907783892485687013e-06 1.209045062342189424e-06 6.402962938290121026e-06 1.351979189311799831e-05
2.778666666666666515e+03 2.570336516396964921e+00 5.894663664995965037e-06 1.153892035397359132e-06 6.402962938290121026e-06 1.345151863868344625e-05
2.829151515151515014e+03 2.617036270326441816e+00 5.881399692734776807e-06 1.102079366376932953e-06 6.402962938290121026e-06 1.338644199740183079e-05
2.879636363636363512e+03 2.663736024255919155e+00 5.867995446572231927e-06 1.053354163790719873e-06 6.402962938290121026e-06 1.332431254865307240e-05
2.930121212121212011e+03 2.710435778185396494e+00 5.854454358418609026e-06 1.007486483654070244e-06 6.402962938290121026e-06 1.326490378036280157e-05
2.980606060606060510e+03 2.757135532114873833e+00 5.840779820374173532e-06 9.642669109939155070e-07 6.402962938290121026e-06 1.320800966965820964e-05
3.031090909090909008e+03 2.803835286044351172e+00 5.826975183984201191e-06 9.235044091933132840e-07 6.402962938290121026e-06 1.315344253146763624e-05
3.081575757575757507e+03 2.850535039973828066e+00 5.813043759593065466e-06 8.850244457610536477e-07 6.402962938290121026e-06 1.310103114364424014e-05
3.132060606060606005e+03 2.897234793903305405e+00 5.798988815791447745e-06 8.486673362018109066e-07 6.402962938290121026e-06 1.305061909028338042e-05
3.182545454545454504e+03 2.943934547832782744e+00 5.784813578950906284e-06 8.142867766044578245e-07 6.402962938290121026e-06 1.300206329384548641e-05
3.233030303030303003e+03 2.990634301762260083e+00 5.770521232840254144e-06 7.817485409449898393e-07 6.402962938290121026e-06 1.295523271207536406e-05
3.283515151515151501e+03 3.037334055691736978e+00 5.756114918318418264e-06 7.509293224627469539e-07 6.402962938290121026e-06 1.291000717907128709e-05
3.334000000000000000e+03 3.084033809621214317e+00 5.741597733098737298e-06 7.217157013177853770e-07 6.402962938290121026e-06 1.286627637270664338e-05
3.384484848484848499e+03 3.130733563550691656e+00 5.726972731579707493e-06 6.940032231578665984e-07 6.402962938290121026e-06 1.282393889302769512e-05
3.434969696969696997e+03 3.177433317480168995e+00 5.712242924737662764e-06 6.676955752852487400e-07 6.402962938290121026e-06 1.278290143831303327e-05
3.485454545454545496e+03 3.224133071409645890e+00 5.697411280076825166e-06 6.427038488737535415e-07 6.402962938290121026e-06 1.274307806724070069e-05
3.535939393939393995e+03 3.270832825339123229e+00 5.682480721632628647e-06 6.189458771930508718e-07 6.402962938290121026e-06 1.270438953711580076e-05
3.586424242424242493e+03 3.317532579268600568e+00 5.667454130024233397e-06 5.963456410893224630e-07 6.402962938290121026e-06 1.266676270940367784e-05
3.636909090909090992e+03 3.364232333198077907e+00 5.652334342552525023e-06 5.748327318091756831e-07 6.402962938290121026e-06 1.263013001265182110e-05
3.687393939393939490e+03 3.410932087127555246e+00 5.637124153339946978e-06 5.543418566768017005e-07 6.402962938290121026e-06 1.259442894830687034e-05
3.737878787878787989e+03 3.457631841057032140e+00 5.621826313508852669e-06 5.348124164193090344e-07 6.402962938290121026e-06 1.255960166821828178e-05
3.788363636363636488e+03 3.504331594986509479e+00 5.606443531395136481e-06 5.161881190530086167e-07 6.402962938290121026e-06 1.252559458873826570e-05
3.838848484848484986e+03 3.551031348915986818e+00 5.590978472794190972e-06 4.984166236310286578e-07 6.402962938290121026e-06 1.249235803471534140e-05
3.889333333333333485e+03 3.597731102845464157e+00 5.575433761236345044e-06 4.814492175032419460e-07 6.402962938290121026e-06 1.245984591702970897e-05
3.939818181818181984e+03 3.644430856774941052e+00 5.559811978289106475e-06 4.652405235839537190e-07 6.402962938290121026e-06 1.242801544016318127e-05
3.990303030303030482e+03 3.691130610704418391e+00 5.544115663883765967e-06 4.497482345052937593e-07 6.402962938290121026e-06 1.239682683667918149e-05
4.040787878787878981e+03 3.737830364633895730e+00 5.528347316664027435e-06 4.349328708928976365e-07 6.402962938290121026e-06 1.236624312584704726e-05
4.091272727272727025e+03 3.784530118563372625e+00 5.512509394354414823e-06 4.207575613140531457e-07 6.402962938290121026e-06 1.233622989395858937e-05
4.141757575757575978e+03 3.831229872492849964e+00 5.496604314146509811e-06 4.071878417232688194e-07 6.402962938290121026e-06 1.230675509415989823e-05
4.192242424242424022e+03 3.877929626422326859e+00 5.480634453101037506e-06 3.941914724712741540e-07 6.402962938290121026e-06 1.227778886386243322e-05
4.242727272727272975e+03 3.924629380351804642e+00 5.464602148564056087e-06 3.817382711553769747e-07 6.402962938290121026e-06 1.224930335800955398e-05
4.293212121212121019e+03 3.971329134281281537e+00 5.448509698595559704e-06 3.697999597756138815e-07 6.402962938290121026e-06 1.222127259666129334e-05
4.343696969696969973e+03 4.018028888210759320e+00 5.432359362408997100e-06 3.583500248255850775e-07 6.402962938290121026e-06 1.219367232552470230e-05
4.394181818181818016e+03 4.064728642140235770e+00 5.416153360820215171e-06 3.473635890920602035e-07 6.402962938290121026e-06 1.216647988820239788e-05
4.444666666666666970e+03 4.111428396069713997e+00 5.399893876704518787e-06 3.368172940658387051e-07 6.402962938290121026e-06 1.213967410906047815e-05
4.495151515151515014e+03 4.158128149999190448e+00 5.383583055460600900e-06 3.266891919800395127e-07 6.402962938290121026e-06 1.211323518573076112e-05
4.545636363636363967e+03 4.204827903928667787e+00 5.367223005480175734e-06 3.169586465666026384e-07 6.402962938290121026e-06 1.208714459033690062e-05
4.596121212121212011e+03 4.251527657858145126e+00 5.350815798622293510e-06 3.076062406734907778e-07 6.402962938290121026e-06 1.206138497758590569e-05
4.646606060606060964e+03 4.298227411787622465e+00 5.334363470691296580e-06 2.986136920606105517e-07 6.402962938290121026e-06 1.203594010104202885e-05
4.697090909090909008e+03 4.344927165717098916e+00 5.317868021917511468e-06 2.899637776292705968e-07 6.402962938290121026e-06 1.201079473783690426e-05
4.747575757575757962e+03 4.391626919646577143e+00 5.301331417439903493e-06 2.816402620675789059e-07 6.402962938290121026e-06 1.198593461779760306e-05
4.798060606060606005e+03 4.438326673576053594e+00 5.284755587789830835e-06 2.736278318640305320e-07 6.402962938290121026e-06 1.196134635794398144e-05
4.848545454545454049e+03 4.485026427505530933e+00 5.268142429375235675e-06 2.659120343456585253e-07 6.402962938290121026e-06 1.193701740201101443e-05
4.899030303030303003e+03 4.531726181435008272e+00 5.251493804964605783e-06 2.584792213118847332e-07 6.402962938290121026e-06 1.191293596456661202e-05
4.949515151515151047e+03 4.578425935364484722e+00 5.234811544170112801e-06 2.513164968757070221e-07 6.402962938290121026e-06 1.188909097933593984e-05
5.000000000000000000e+03 4.625125689293962949e+00 5.218097443929352905e-06 2.444116691601481178e-07 6.402962938290121026e-06 1.186547205137962290e-05
