2.000000000000000000e+00 3.740688366045448335e-04 7.816610633600727385e-06 3.728732079431509906e-06 5.379827400806709108e-06
2.532462311557789008e+02 4.736576153146392770e-02 1.366334825154045691e-05 6.519650426997950476e-06 9.419353027822202962e-06
5.044924623115578015e+02 9.435745422632331458e-02 1.019738497055266135e-05 4.865185810145679085e-06 7.024710338044973926e-06
7.557386934673367023e+02 1.413491469211826945e-01 8.890031316820581062e-06 4.241125430257345615e-06 6.121456432547497637e-06
1.006984924623115603e+03 1.883408396160420606e-01 8.150274739464366837e-06 3.888005393171786179e-06 5.610356765133877234e-06
1.258231155778894390e+03 2.353325323109014267e-01 7.757397257321468640e-06 3.700466795596630859e-06 5.338916731203844043e-06
1.509477386934673405e+03 2.823242250057608205e-01 7.555086128134682858e-06 3.603894334292432101e-06 5.199139466619079152e-06
1.760723618090452419e+03 3.293159177006202420e-01 7.414513074240959385e-06 3.536792312460351207e-06 5.102017192493217253e-06
2.011969849246231206e+03 3.763076103954796081e-01 7.310838321752521800e-06 3.487303556882954590e-06 5.030388046990513751e-06
2.263216080402009993e+03 4.232993030903389742e-01 7.237150405411878575e-06 3.452128905453751402e-06 4.979476881497800230e-06
2.514462311557788780e+03 4.702909957851983402e-01 7.179768791026379396e-06 3.424738006311964372e-06 4.939831780763586856e-06
2.765708542713568022e+03 5.172826884800577618e-01 7.131990463829970626e-06 3.401931200414031486e-06 4.906821615140002188e-06
3.016954773869346809e+03 5.642743811749171279e-01 7.091247033970356509e-06 3.382482476464272072e-06 4.878671877661544514e-06
3.268201005025125596e+03 6.112660738697764939e-01 7.055127078268543942e-06 3.365240750621785497e-06 4.853716510029444315e-06
3.519447236180904838e+03 6.582577665646359710e-01 7.021966434685036056e-06 3.349411641357440542e-06 4.830805738533063074e-06
3.770693467336683625e+03 7.052494592594953371e-01 6.990767755298527524e-06 3.334519068368963460e-06 4.809250493001925031e-06
4.021939698492462412e+03 7.522411519543547032e-01 6.960823679444778213e-06 3.320225375687299293e-06 4.788562056185915883e-06
4.273185929648241654e+03 7.992328446492140692e-01 6.931601264329516334e-06 3.306276165061677811e-06 4.768372216577040309e-06
4.524432160804019986e+03 8.462245373440733243e-01 6.902729850558898242e-06 3.292494503615924554e-06 4.748424884674079183e-06
4.775678391959799228e+03 8.932162300389328013e-01 6.873944124657214479e-06 3.278753744954114618e-06 4.728536754733834451e-06
5.026924623115577560e+03 9.402079227337920564e-01 6.845047233201454320e-06 3.264959921830590621e-06 4.708571820234557783e-06
5.278170854271356802e+03 9.871996154286515335e-01 6.815895153178838229e-06 3.251044285398539066e-06 4.688430575316906713e-06
5.529417085427136044e+03 1.034191308123511011e+00 6.786382865789707386e-06 3.236956705326491451e-06 4.668040462229831860e-06
5.780663316582914376e+03 1.081183000818370266e+00 6.756434415704395377e-06 3.222660924621741873e-06 4.647349003246312467e-06
6.031909547738693618e+03 1.128174693513229743e+00 6.725995802910408244e-06 3.208131166580172268e-06 4.626318889622802452e-06
6.283155778894472860e+03 1.175166386208089220e+00 6.695029790846955149e-06 3.193349656468673614e-06 4.604924394526429205e-06
6.534402010050251192e+03 1.222158078902948475e+00 6.663512048939416608e-06 3.178304780178396680e-06 4.583148707902405162e-06
6.785648241206030434e+03 1.269149771597807952e+00 6.631428262356174785e-06 3.162989704577975433e-06 4.560981939597796740e-06
7.036894472361809676e+03 1.316141464292667207e+00 6.598771937647354657e-06 3.147401330043383850e-06 4.538419603271867606e-06
7.288140703517588008e+03 1.363133156987526684e+00 6.565542716821395397e-06 3.131539485688687318e-06 4.515461451587351530e-06
7.539386934673367250e+03 1.410124849682385939e+00 6.531745066873320902e-06 3.115406303817264350e-06 4.492110570802272932e-06
7.790633165829145582e+03 1.457116542377245416e+00 6.497387259892741689e-06 3.099005733080170650e-06 4.468372676124009701e-06
8.041879396984924824e+03 1.504108235072104671e+00 6.462480566176709262e-06 3.082343153311576683e-06 4.444255554228946526e-06
8.293125628140704066e+03 1.551099927766964148e+00 6.427038610115052192e-06 3.065425068063042753e-06 4.419768618242061582e-06
8.544371859296483308e+03 1.598091620461823625e+00 6.391076854067888627e-06 3.048258858234371204e-06 4.394922551146580122e-06
8.795618090452260731e+03 1.645083313156682658e+00 6.354612182183507614e-06 3.030852583410639572e-06 4.369729018242741728e-06
9.046864321608039972e+03 1.692075005851542135e+00 6.317662562816332261e-06 3.013214820718667839e-06 4.344200433911509133e-06
9.298110552763819214e+03 1.739066698546401613e+00 6.280246771958784510e-06 2.995354532808257440e-06 4.318349770532949457e-06
9.549356783919598456e+03 1.786058391241261090e+00 6.242384169107990142e-06 2.977280960862993408e-06 4.292190403631996039e-06
9.800603015075377698e+03 1.833050083936120567e+00 6.204094514090876291e-06 2.959003537162405418e-06 4.265735985322434176e-06
1.005184924623115512e+04 1.880041776630979600e+00 6.165397814585006048e-06 2.940531812296589264e-06 4.239000338958684326e-06
1.030309547738693436e+04 1.927033469325839077e+00 6.126314200253743072e-06 2.921875395085110857e-06 4.211997372175446642e-06
1.055434170854271360e+04 1.974025162020698554e+00 6.086863818762798853e-06 2.903043902940886527e-06 4.184741005045301356e-06
1.080558793969849285e+04 2.021016854715557809e+00 6.047066749833131935e-06 2.884046920843661536e-06 4.157245110697619865e-06
1.105683417085427209e+04 2.068008547410417286e+00 6.006942934232794436e-06 2.864893967444529366e-06 4.129523466258867048e-06
1.130808040201005133e+04 2.115000240105276763e+00 5.966512115195377862e-06 2.845594467102246892e-06 4.101589712378454946e-06
1.155932663316582875e+04 2.161991932800135796e+00 5.925793790164176799e-06 2.826157726848491862e-06 4.073457319888667069e-06
1.181057286432160799e+04 2.208983625494995273e+00 5.884807171289790128e-06 2.806592917531539413e-06 4.045139562512350506e-06
1.206181909547738724e+04 2.255975318189854750e+00 5.843571153339158889e-06 2.786909058497764824e-06 4.016649494691188178e-06
1.231306532663316648e+04 2.302967010884714227e+00 5.802104287679067890e-06 2.767115005172758568e-06 3.987999933610838073e-06
1.256431155778894572e+04 2.349958703579573704e+00 5.760424761468270598e-06 2.747219439128769372e-06 3.959203444824719064e-06
1.281555778894472314e+04 2.396950396274432737e+00 5.718550381267979284e-06 2.727230860261236865e-06 3.930272330930459429e-06
1.306680402010050238e+04 2.443942088969292215e+00 5.676498560400737699e-06 2.707157580754585190e-06 3.901218622836108783e-06
1.331805025125628163e+04 2.490933781664151692e+00 5.634286309493205038e-06 2.687007720567866041e-06 3.872054073226120003e-06
1.356929648241206087e+04 2.537925474359011169e+00 5.591930229725893739e-06 2.666789204212545809e-06 3.842790151897584965e-06
1.382054271356784011e+04 2.584917167053870646e+00 5.549446508385447753e-06 2.646509758629398864e-06 3.813438042687289228e-06
1.407178894472361935e+04 2.631908859748730123e+00 5.506850916375430402e-06 2.626176912000288464e-06 3.784008641751901837e-06
1.432303517587939677e+04 2.678900552443589156e+00 5.464158807375708552e-06 2.605797993346913275e-06 3.754512556987201258e-06
1.457428140703517602e+04 2.725892245138448633e+00 5.421385118332371388e-06 2.585380132764651988e-06 3.724960108366556518e-06
1.482552763819095526e+04 2.772883937833308110e+00 5.378544371349385380e-06 2.564930262325553808e-06 3.695361329247878290e-06
1.507677386934673450e+04 2.819875630528167587e+00 5.335650676555869415e-06 2.544455117447011557e-06 3.665725968354627788e-06
1.532802010050251374e+04 2.866867323223027064e+00 5.292717735762520041e-06 2.523961238637145060e-06 3.636063492302045521e-06
1.557926633165829116e+04 2.913859015917886097e+00 5.249758846840557502e-06 2.503454973585077289e-06 3.606383088622577643e-06
1.583051256281407041e+04 2.960850708612745574e+00 5.206786908705693013e-06 2.482942479540005967e-06 3.576693669209316032e-06
1.608175879396984965e+04 3.007842401307605051e+00 5.163814426805539380e-06 2.462429725930606792e-06 3.547003874107257197e-06
1.633300502512562889e+04 3.054834094002464528e+00 5.120853519022470109e-06 2.441922497182733432e-06 3.517322075591607101e-06
1.658425125628140813e+04 3.101825786697324006e+00 5.077915921916172605e-06 2.421426395699286205e-06 3.487656382480775519e-06
1.683549748743718737e+04 3.148817479392183483e+00 5.035012997240090323e-06 2.400946844970801668e-06 3.458014644638601370e-06
1.708674371859296662e+04 3.195809172087042960e+00 4.992155738675122939e-06 2.380489092789763083e-06 3.428404457626682874e-06
1.733798994974874586e+04 3.242800864781901993e+00 4.949354778731327889e-06 2.360058214545104987e-06 3.398833167472781712e-06
1.758923618090452146e+04 3.289792557476761026e+00 4.906620395775218247e-06 2.339659116576660610e-06 3.369307875525999367e-06
1.784048241206030070e+04 3.336784250171620503e+00 4.863991792283067627e-06 2.319310512039947330e-06 3.339855666875134429e-06
1.809172864321607994e+04 3.383775942866479980e+00 4.821418730044404097e-06 2.298988419912980766e-06 3.310441831815061596e-06
1.834297487437185919e+04 3.430767635561339457e+00 4.778941052683000300e-06 2.278711859400637923e-06 3.281093898404984994e-06
1.859422110552763843e+04 3.477759328256198934e+00 4.736567694114506587e-06 2.258485095074158467e-06 3.251818039109545333e-06
1.884546733668341767e+04 3.524751020951058411e+00 4.694307270013842638e-06 2.238312239593764437e-06 3.222620206520073671e-06
1.909671356783919691e+04 3.571742713645917444e+00 4.652168084985283082e-06 2.218197257131263743e-06 3.193506138308406847e-06
1.934795979899497615e+04 3.618734406340776921e+00 4.610158139683546492e-06 2.198143966769279772e-06 3.164481362146879207e-06
1.959920603015075540e+04 3.665726099035636398e+00 4.568285137872790089e-06 2.178156045870836972e-06 3.135551200585392200e-06
1.985045226130653464e+04 3.712717791730495875e+00 4.526556493411487374e-06 2.158237033413569255e-06 3.106720775877289726e-06
2.010169849246231024e+04 3.759709484425354908e+00 4.484979337153641771e-06 2.138390333283975964e-06 3.077995014747413322e-06
2.035294472361808948e+04 3.806701177120214385e+00 4.443560523758235259e-06 2.118619217527903193e-06 3.049378653096783192e-06
2.060419095477386873e+04 3.853692869815073418e+00 4.402289994449906732e-06 2.098918884626530609e-06 3.020864741292367032e-06
2.085543718592964797e+04 3.900684562509932896e+00 4.361208327445044756e-06 2.079308704439774384e-06 2.992481314925247461e-06
2.110668341708542721e+04 3.947676255204792373e+00 4.320303944399212419e-06 2.059783150088197124e-06 2.964220374488328824e-06
2.135792964824120645e+04 3.994667947899651850e+00 4.279582660921051621e-06 2.040344997630843709e-06 2.936085938000145859e-06
2.160917587939698569e+04 4.041659640594511771e+00 4.239050049056965675e-06 2.020996906863239021e-06 2.908081855201481276e-06
2.186042211055276493e+04 4.088651333289370804e+00 4.198711443494302416e-06 2.001741424278447424e-06 2.880211811841152142e-06
2.211166834170854418e+04 4.135643025984230725e+00 4.158571947652276643e-06 1.982580985974556122e-06 2.852479333884243633e-06
2.236291457286432342e+04 4.182634718679089758e+00 4.118636439659860252e-06 1.963517920508194484e-06 2.824887791642248881e-06
2.261416080402010266e+04 4.229626411373948791e+00 4.078909578217641561e-06 1.944554451692676470e-06 2.797440403823040971e-06
2.286540703517587826e+04 4.276618104068807824e+00 4.039395808339659219e-06 1.925692701338836192e-06 2.770140241497926759e-06
2.311665326633165751e+04 4.323609796763667745e+00 4.000099366998847154e-06 1.906934691949870013e-06 2.742990232002092140e-06
2.336789949748743675e+04 4.370601489458526778e+00 3.961024288653826293e-06 1.888282349359518068e-06 2.715993162753075704e-06
2.361914572864321599e+04 4.417593182153386699e+00 3.922174410658661751e-06 1.869737505314399004e-06 2.689151684988388436e-06
2.387039195979899523e+04 4.464584874848245732e+00 3.883553378560785404e-06 1.851301900002953469e-06 2.662468317425857329e-06
2.412163819095477447e+04 4.511576567543104765e+00 3.845164651287989335e-06 1.832977184531434925e-06 2.635945449847336659e-06
2.437288442211055371e+04 4.558568260237964687e+00 3.807011506225737832e-06 1.814764923347543227e-06 2.609585346606632677e-06
2.462413065326633296e+04 4.605559952932823720e+00 3.769097044185952867e-06 1.796666596612259814e-06 2.583390150062445984e-06
2.487537688442211220e+04 4.652551645627683641e+00 3.731424194268767641e-06 1.778683602520583306e-06 2.557361883937378937e-06
2.512662311557789144e+04 4.699543338322542674e+00 3.693995718618634373e-06 1.760817259571845677e-06 2.531502456603932631e-06
2.537786934673367068e+04 4.746535031017402595e+00 3.656814217076393991e-06 1.743068808790352276e-06 2.505813664298639908e-06
2.562911557788944629e+04 4.793526723712260740e+00 3.619882131728807834e-06 1.725439415897090867e-06 2.480297194265344910e-06
2.588036180904522553e+04 4.840518416407120661e+00 3.583201751357292000e-06 1.707930173433316500e-06 2.454954627828846778e-06
2.613160804020100477e+04 4.887510109101979694e+00 3.546775215787452709e-06 1.690542102836782787e-06 2.429787443400000606e-06
2.638285427135678401e+04 4.934501801796839615e+00 3.510604520141163322e-06 1.673276156471458371e-06 2.404797019413495359e-06
2.663410050251256325e+04 4.981493494491698648e+00 3.474691518992943155e-06 1.656133219611559083e-06 2.379984637199499281e-06
2.688534673366834249e+04 5.028485187186558569e+00 3.439037930432226696e-06 1.639114112380652429e-06 2.355351483790293821e-06
2.713659296482412174e+04 5.075476879881417602e+00 3.403645340033467170e-06 1.622219591646778399e-06 2.330898654663230168e-06
2.738783919597990098e+04 5.122468572576277523e+00 3.368515204735627478e-06 1.605450352874305528e-06 2.306627156421079039e-06
2.763908542713568022e+04 5.169460265271136556e+00 3.333648856632919458e-06 1.588807031933425570e-06 2.282537909411057825e-06
2.789033165829145946e+04 5.216451957965996478e+00 3.299047506678402501e-06 1.572290206868055893e-06 2.258631750283662484e-06
2.814157788944723870e+04 5.263443650660855511e+00 3.264712248302287230e-06 1.555900399623019699e-06 2.234909434492554004e-06
2.839282412060301431e+04 5.310435343355714544e+00 3.230644060946523518e-06 1.539638077731270437e-06 2.211371638736624262e-06
2.864407035175879355e+04 5.357427036050573577e+00 3.196843813517898435e-06 1.523503655962216009e-06 2.188018963345743945e-06
2.889531658291457279e+04 5.404418728745433498e+00 3.163312267759695366e-06 1.507497497931165440e-06 2.164851934610250115e-06
2.914656281407035203e+04 5.451410421440292531e+00 3.130050081544774722e-06 1.491619917671268504e-06 2.141871007056143622e-06
2.939780904522613127e+04 5.498402114135152452e+00 3.097057812091725434e-06 1.475871181168738164e-06 2.119076565667144511e-06
2.964905527638191052e+04 5.545393806830011485e+00 3.064335919105475079e-06 1.460251507862000208e-06 2.096468928054530400e-06
2.990030150753768976e+04 5.592385499524871406e+00 3.031884767843676628e-06 1.444761072105431407e-06 2.074048346575729779e-06
3.015154773869346900e+04 5.639377192219730439e+00 2.999704632110606536e-06 1.429400004598480489e-06 2.051815010402798911e-06
3.040279396984924824e+04 5.686368884914590360e+00 2.967795697179895128e-06 1.414168393780821610e-06 2.029769047541753042e-06
3.065404020100502748e+04 5.733360577609449393e+00 2.936158062647627058e-06 1.399066287194273013e-06 2.007910526803776391e-06
3.090528643216080309e+04 5.780352270304308426e+00 2.904791745217265364e-06 1.384093692812170554e-06 1.986239459729331181e-06
3.115653266331658233e+04 5.827343962999167459e+00 2.873696681417767490e-06 1.369250580336849805e-06 1.964755802466117775e-06
3.140777889447236157e+04 5.874335655694027380e+00 2.842872730256404386e-06 1.354536882465958618e-06 1.943459457601907015e-06
3.165902512562814081e+04 5.921327348388886413e+00 2.812319675807594734e-06 1.339952496128227586e-06 1.922350275953174378e-06
3.191027135678392006e+04 5.968319041083746335e+00 2.782037229739184109e-06 1.325497283689379835e-06 1.901428058310515764e-06
3.216151758793969930e+04 6.015310733778605368e+00 2.752025033777574275e-06 1.311171074128853973e-06 1.880692557141805226e-06
3.241276381909547854e+04 6.062302426473465289e+00 2.722282662113028675e-06 1.296973664187962755e-06 1.860143478254032536e-06
3.266401005025125778e+04 6.109294119168324322e+00 2.692809623746453865e-06 1.282904819490124012e-06 1.839780482414696401e-06
3.291525628140703338e+04 6.156285811863183355e+00 2.663605364779052390e-06 1.268964275633818394e-06 1.819603186933737388e-06
3.316650251256281626e+04 6.203277504558043276e+00 2.634669270646071488e-06 1.255151739258857101e-06 1.799611167206828350e-06
3.341774874371859187e+04 6.250269197252902309e+00 2.606000668295869459e-06 1.241466889086555494e-06 1.779803958220911751e-06
3.366899497487437475e+04 6.297260889947762230e+00 2.577598828315478357e-06 1.227909376934359557e-06 1.760181056022743042e-06
3.392024120603015035e+04 6.344252582642621263e+00 2.549462967003905593e-06 1.214478828705529572e-06 1.740741919151349788e-06
3.417148743718593323e+04 6.391244275337481184e+00 2.521592248394061715e-06 1.201174845354300277e-06 1.721485970034981280e-06
3.442273366834170884e+04 6.438235968032339329e+00 2.493985786224528602e-06 1.187997003827097317e-06 1.702412596353410894e-06
3.467397989949749172e+04 6.485227660727200139e+00 2.466642645862019319e-06 1.174944857980213368e-06 1.683521152366163581e-06
3.492522613065326732e+04 6.532219353422058283e+00 2.439561846175456299e-06 1.162017939474396909e-06 1.664810960207329186e-06
3.517647236180904292e+04 6.579211046116917316e+00 2.412742361362597049e-06 1.149215758646780946e-06 1.646281311147572713e-06
3.542771859296482580e+04 6.626202738811777238e+00 2.386183122730015444e-06 1.136537805360553196e-06 1.627931466823937658e-06
3.567896482412060141e+04 6.673194431506636271e+00 2.359883020427117081e-06 1.123983549832681344e-06 1.609760660437875001e-06
3.593021105527638429e+04 6.720186124201496192e+00 2.333840905134586805e-06 1.111552443439887548e-06 1.591768097921801126e-06
3.618145728643215989e+04 6.767177816896355225e+00 2.308055589710005591e-06 1.099243919504172821e-06 1.573952959076048758e-06
3.643270351758794277e+04 6.814169509591215146e+00 2.282525850790059525e-06 1.087057394057633992e-06 1.556314398675851145e-06
3.668394974874371837e+04 6.861161202286074179e+00 2.257250430349979552e-06 1.074992266586849606e-06 1.538851547548751664e-06
3.693519597989950125e+04 6.908152894980934100e+00 2.232228037221552847e-06 1.063047920757498817e-06 1.521563513623406573e-06
3.718644221105527686e+04 6.955144587675793133e+00 2.207457348570768820e-06 1.051223725119711986e-06 1.504449382950492447e-06
3.743768844221105974e+04 7.002136280370653054e+00 2.182937011336160266e-06 1.039519033794654196e-06 1.487508220696461100e-06
3.768893467336683534e+04 7.049127973065512087e+00 2.158665643628990749e-06 1.027933187142903922e-06 1.470739072110933174e-06
3.794018090452261094e+04 7.096119665760370232e+00 2.134641836096310609e-06 1.016465512415097358e-06 1.454140963468434018e-06
3.819142713567839382e+04 7.143111358455231041e+00 2.110864153248158916e-06 1.005115324385468199e-06 1.437712902985364247e-06
3.844267336683416943e+04 7.190103051150089186e+00 2.087331134749964217e-06 9.938819259687671441e-07 1.421453881712919212e-06
3.869391959798995231e+04 7.237094743844949996e+00 2.064041296681226183e-06 9.827646088210894729e-07 1.405362874406717404e-06
3.894516582914572791e+04 7.284086436539808140e+00 2.040993132761499659e-06 9.717626539250954008e-07 1.389438840373838263e-06
3.919641206030151079e+04 7.331078129234668950e+00 2.018185115544610325e-06 9.608753321600632533e-07 1.373680724297902581e-06
3.944765829145728640e+04 7.378069821929527095e+00 1.995615697581849887e-06 9.501019048571358689e-07 1.358087457042732065e-06
3.969890452261306928e+04 7.425061514624387016e+00 1.973283312554860627e-06 9.394416243401003133e-07 1.342657956435059869e-06
3.995015075376884488e+04 7.472053207319246049e+00 1.951186376378684052e-06 9.288937344519220882e-07 1.327391128026631343e-06
4.020139698492462048e+04 7.519044900014105082e+00 1.929323288275393370e-06 9.184574710672425225e-07 1.312285865835977251e-06
4.045264321608040336e+04 7.566036592708965003e+00 1.907692431818509254e-06 9.081320625909224591e-07 1.297341053070004524e-06
4.070388944723617897e+04 7.613028285403824036e+00 1.886292175948411078e-06 8.979167304427494480e-07 1.282555562825547281e-06
4.095513567839196185e+04 7.660019978098683957e+00 1.865120875958785775e-06 8.878106895283120433e-07 1.267928258770904147e-06
4.120638190954773745e+04 7.707011670793542990e+00 1.844176874454179731e-06 8.778131486960859927e-07 1.253457995807415875e-06
4.145762814070352033e+04 7.754003363488402911e+00 1.823458502278661151e-06 8.679233111807262837e-07 1.239143620711079044e-06
4.170887437185929593e+04 7.800995056183261944e+00 1.802964079415755712e-06 8.581403750326485843e-07 1.224983972754314190e-06
4.196012060301507881e+04 7.847986748878121865e+00 1.782691915859817952e-06 8.484635335339750425e-07 1.210977884307999558e-06
4.221136683417085442e+04 7.894978441572980898e+00 1.762640312459128683e-06 8.388919756009842035e-07 1.197124181423966766e-06
4.246261306532663730e+04 7.941970134267840820e+00 1.742807561731248487e-06 8.294248861733149193e-07 1.183421684398332555e-06
4.271385929648241290e+04 7.988961826962698964e+00 1.723191948651234174e-06 8.200614465902220903e-07 1.169869208316079151e-06
4.296510552763818851e+04 8.035953519657558886e+00 1.703791751413557839e-06 8.108008349542719659e-07 1.156465563577466595e-06
4.321635175879397138e+04 8.082945212352418807e+00 1.684605242168709369e-06 8.016422264829597091e-07 1.143209556406950053e-06
4.346759798994974699e+04 8.129936905047276952e+00 1.665630687735635645e-06 7.925847938487887835e-07 1.130099989345411620e-06
4.371884422110552987e+04 8.176928597742136873e+00 1.646866350291238273e-06 7.836277075083983105e-07 1.117135661726529957e-06
4.397009045226130547e+04 8.223920290436996794e+00 1.628310488038320906e-06 7.747701360214067053e-07 1.104315370138270947e-06
4.422133668341708835e+04 8.270911983131856715e+00 1.609961355853256247e-06 7.660112463595741500e-07 1.091637908870361222e-06
4.447258291457286396e+04 8.317903675826714860e+00 1.591817205914740097e-06 7.573502042069344248e-07 1.079102070348694519e-06
4.472382914572864684e+04 8.364895368521574781e+00 1.573876288314853201e-06 7.487861742514828792e-07 1.066706645557517463e-06
4.497507537688442244e+04 8.411887061216432926e+00 1.556136851653709293e-06 7.403183204690301959e-07 1.054450424450274005e-06
4.522632160804020532e+04 8.458878753911294623e+00 1.538597143618459292e-06 7.319458063995876533e-07 1.042332196349637905e-06
4.547756783919598092e+04 8.505870446606152768e+00 1.521255411546626235e-06 7.236677954162739345e-07 1.030350750336726069e-06
4.572881407035175653e+04 8.552862139301010913e+00 1.504109902975297084e-06 7.154834509874673766e-07 1.018504875630533943e-06
4.598006030150753941e+04 8.599853831995870834e+00 1.487158866176136901e-06 7.073919369321944522e-07 1.006793361957576458e-06
4.623130653266331501e+04 8.646845524690730755e+00 1.470400550676068050e-06 6.993924176686760228e-07 9.952149999116339312e-07
4.648255276381909789e+04 8.693837217385590677e+00 1.453833207763462588e-06 6.914840584559513224e-07 9.837685813034727028e-07
4.673379899497487349e+04 8.740828910080448821e+00 1.437455090979423918e-06 6.836660256283952282e-07 9.724528995002774946e-07
4.698504522613065637e+04 8.787820602775308743e+00 1.421264456593634650e-06 6.759374868228582984e-07 9.612667497544160259e-07
4.723629145728643198e+04 8.834812295470168664e+00 1.405259564064136254e-06 6.682976111981425378e-07 9.502089295211013554e-07
4.748753768844221486e+04 8.881803988165028585e+00 1.389438676480414106e-06 6.607455696465065834e-07 9.392782387645189066e-07
4.773878391959799046e+04 8.928795680859886730e+00 1.373800060989152462e-06 6.532805349968964373e-07 9.284734802519836456e-07
4.799003015075377334e+04 8.975787373554746651e+00 1.358341989202119149e-06 6.459016822096504948e-07 9.177934598357487898e-07
4.824127638190954895e+04 9.022779066249606572e+00 1.343062737585831001e-06 6.386081885625027917e-07 9.072369867222243250e-07
4.849252261306532455e+04 9.069770758944464717e+00 1.327960587832715866e-06 6.313992338277564622e-07 8.968028737284153825e-07
4.874376884422110743e+04 9.116762451639324638e+00 1.313033827213776886e-06 6.242740004406270906e-07 8.864899375255803725e-07
4.899501507537688303e+04 9.163754144334182783e+00 1.298280748913008518e-06 6.172316736588742223e-07 8.762969988702760552e-07
4.924626130653266591e+04 9.210745837029044480e+00 1.283699652343980605e-06 6.102714417139219949e-07 8.662228828230890819e-07
4.949750753768844152e+04 9.257737529723902625e+00 1.269288843449287812e-06 6.033924959538000769e-07 8.562664189555269690e-07
4.974875376884422440e+04 9.304729222418762546e+00 1.255046634983753195e-06 5.965940309783302321e-07 8.464264415456810148e-07
5.000000000000000000e+04 9.351720915113620691e+00 1.240971346782493576e-06 5.898752447670853633e-07 8.367017897634359826e-07
