2.000000000000000000e+00 3.740688366045448335e-04 7.816610633600727385e-06 3.728732079431509906e-06 5.379827400806709108e-06
4.238383838383838054e+01 7.927236557538738099e-03 1.701972363867982553e-05 8.121803672347203550e-06 1.173828116795843461e-05
8.276767676767676107e+01 1.548040427847293017e-02 1.945514641522886470e-05 9.284343631434179529e-06 1.342092084864138006e-05
1.231515151515151416e+02 2.303357199940712224e-02 1.876621221691281803e-05 8.955483467015888977e-06 1.294493448987508625e-05
1.635353535353535221e+02 3.058673972034131605e-02 1.695521300424228535e-05 8.091009762130937488e-06 1.169371060945998399e-05
2.039191919191919169e+02 3.813990744127550986e-02 1.517331179124312657e-05 7.240425878624520165e-06 1.046259060971275337e-05
2.443030303030302832e+02 4.569307516220970367e-02 1.387943840482312250e-05 6.622800253950088378e-06 9.568650254578656207e-06
2.846868686868686495e+02 5.324624288314389053e-02 1.306990541124496388e-05 6.236372705396301838e-06 9.009341886876349583e-06
3.250707070707070443e+02 6.079941060407809128e-02 1.254732295168827023e-05 5.986919921673278500e-06 8.648288360011923662e-06
3.654545454545454390e+02 6.835257832501227815e-02 1.209129607673493864e-05 5.769237197484412961e-06 8.333218252824370405e-06
4.058383838383838338e+02 7.590574604594647889e-02 1.157225607730154368e-05 5.521475393859983642e-06 7.974612220509182551e-06
4.462222222222221717e+02 8.345891376688066576e-02 1.098783807511024410e-05 5.242505644993678840e-06 7.570836362756080224e-06
4.866060606060605664e+02 9.101208148781485263e-02 1.041978566663295813e-05 4.971347951114264886e-06 7.178367534585807064e-06
5.269898989898989612e+02 9.856524920874905338e-02 9.954405274679914412e-06 4.749200360547836160e-06 6.856835059135457884e-06
5.673737373737372991e+02 1.061184169296832402e-01 9.628685310433575940e-06 4.593719153114395268e-06 6.631794322098366064e-06
6.077575757575757507e+02 1.136715846506174410e-01 9.423846424029350686e-06 4.495940076350885643e-06 6.490270623737027282e-06
6.481414141414140886e+02 1.212247523715516279e-01 9.287252464091213950e-06 4.430737460145160834e-06 6.395897515565971768e-06
6.885252525252524265e+02 1.287779200924858147e-01 9.161184263996207983e-06 4.370559276056609120e-06 6.308796681166810205e-06
7.289090909090908781e+02 1.363310878134200155e-01 9.008742684732717456e-06 4.297791858002300187e-06 6.203474413212093048e-06
7.692929292929292160e+02 1.438842555343542162e-01 8.826734895498450695e-06 4.210911120133150500e-06 6.077724776923926960e-06
8.096767676767676676e+02 1.514374232552884170e-01 8.638019942940944180e-06 4.120828742922168870e-06 5.947341144739369095e-06
8.500606060606060055e+02 1.589905909762225900e-01 8.471382839669465209e-06 4.041285144543698656e-06 5.832211153783156443e-06
8.904444444444443434e+02 1.665437586971567907e-01 8.344235117777310166e-06 3.980591654760394244e-06 5.744364475077401443e-06
9.308282828282827950e+02 1.740969264180909915e-01 8.256773321866366872e-06 3.938842093403306691e-06 5.683936901778573880e-06
9.712121212121211329e+02 1.816500941390251644e-01 8.195964072026502045e-06 3.909815025289442175e-06 5.641923639145749830e-06
1.011595959595959471e+03 1.892032618599593652e-01 8.144311314746420955e-06 3.885158774673192394e-06 5.606236620097949263e-06
1.051979797979797922e+03 1.967564295808935659e-01 8.087007730765945334e-06 3.857805123053578000e-06 5.566645430765508606e-06
1.092363636363636260e+03 2.043095973018277389e-01 8.018477736397613457e-06 3.825092586398203760e-06 5.519297886449392474e-06
1.132747474747474598e+03 2.118627650227619397e-01 7.943589966629104794e-06 3.789345189420106106e-06 5.467557739225797042e-06
1.173131313131312936e+03 2.194159327436961127e-01 7.871671102309731941e-06 3.755014988360768479e-06 5.417868816194165999e-06
1.213515151515151501e+03 2.269691004646303412e-01 7.810128065326504558e-06 3.725637649696822291e-06 5.375348578190788081e-06
1.253898989898989839e+03 2.345222681855645419e-01 7.761824453399312966e-06 3.702580101096096365e-06 5.341975492034397465e-06
1.294282828282828177e+03 2.420754359064987149e-01 7.725117203910759249e-06 3.685058032759737202e-06 5.316614361657809972e-06
1.334666666666666515e+03 2.496286036274329156e-01 7.695037351808981351e-06 3.670699527793591883e-06 5.295832116692834207e-06
1.375050505050504853e+03 2.571817713483670609e-01 7.666054513882881736e-06 3.656864678443708117e-06 5.275807801562481740e-06
1.415434343434343418e+03 2.647349390693012894e-01 7.634807921703064856e-06 3.641949234462435412e-06 5.254219452962745554e-06
1.455818181818181756e+03 2.722881067902355179e-01 7.600883659352559310e-06 3.625755614633973040e-06 5.230781095352513612e-06
1.496202020202020094e+03 2.798412745111696909e-01 7.566184478767775542e-06 3.609192090482924399e-06 5.206807344798257636e-06
1.536585858585858432e+03 2.873944422321038639e-01 7.533542948870593486e-06 3.593610778196365656e-06 5.184255230244647762e-06
1.576969696969696770e+03 2.949476099530380369e-01 7.505137080491759568e-06 3.580051343103231327e-06 5.164629544815934223e-06
1.617353535353535335e+03 3.025007776739722654e-01 7.481359992179605490e-06 3.568701438873138663e-06 5.148201895099268762e-06
1.657737373737373673e+03 3.100539453949064939e-01 7.461103865093794035e-06 3.559032252323536341e-06 5.134206886290228746e-06
1.698121212121212011e+03 3.176071131158406669e-01 7.442709619331106205e-06 3.550251827864055319e-06 5.121498255938831974e-06
1.738505050505050349e+03 3.251602808367748398e-01 7.424658394236691384e-06 3.541635143038405538e-06 5.109026619424108358e-06
1.778888888888888687e+03 3.327134485577090128e-01 7.406069708673511402e-06 3.532761903466949205e-06 5.096183650128785638e-06
1.819272727272727025e+03 3.402666162786431858e-01 7.387121459985430495e-06 3.523717027781824399e-06 5.083092257772182186e-06
1.859656565656565590e+03 3.478197839995774143e-01 7.368518997488666895e-06 3.514837211842617564e-06 5.070239769959029252e-06
1.900040404040403928e+03 3.553729517205116428e-01 7.351048048480905733e-06 3.506497519637934618e-06 5.058169047642263758e-06
1.940424242424242266e+03 3.629261194414458158e-01 7.335174239646677390e-06 3.498920216325182443e-06 5.047201793461495502e-06
1.980808080808080604e+03 3.704792871623799888e-01 7.320962956347435723e-06 3.492136513362246542e-06 5.037383182326300406e-06
2.021191919191918942e+03 3.780324548833141618e-01 7.307943915417307833e-06 3.485921922837759690e-06 5.028388294422481501e-06
2.061575757575757507e+03 3.855856226042483903e-01 7.295603287099665959e-06 3.480031170038023226e-06 5.019862123487491950e-06
2.101959595959595845e+03 3.931387903251825633e-01 7.283498022112317882e-06 3.474252767044244134e-06 5.011498565665405352e-06
2.142343434343434183e+03 4.006919580461167918e-01 7.271482648953292719e-06 3.468517273578710902e-06 5.003197114332080247e-06
2.182727272727272521e+03 4.082451257670509648e-01 7.259591456520373261e-06 3.462841057318613852e-06 4.994981459772664523e-06
2.223111111111110858e+03 4.157982934879851378e-01 7.248053489775999341e-06 3.457333452020627930e-06 4.987009849723916187e-06
2.263494949494949196e+03 4.233514612089193108e-01 7.237076712145340624e-06 3.452093728248425090e-06 4.979425966635844431e-06
2.303878787878787534e+03 4.309046289298534838e-01 7.226723193857283261e-06 3.447151514993746981e-06 4.972272694984649616e-06
2.344262626262625872e+03 4.384577966507877123e-01 7.216981231636370660e-06 3.442501225741801986e-06 4.965541948948081707e-06
2.384646464646464665e+03 4.460109643717219408e-01 7.207721020501380035e-06 3.438080898569999930e-06 4.959144045940330329e-06
2.425030303030303003e+03 4.535641320926561693e-01 7.198808134792054235e-06 3.433826365891878558e-06 4.952986110936879916e-06
2.465414141414141341e+03 4.611172998135903423e-01 7.190125309896214433e-06 3.429681651883138147e-06 4.946987125524227013e-06
2.505797979797979679e+03 4.686704675345245152e-01 7.181583528273747869e-06 3.425604264353740525e-06 4.941085587261512451e-06
2.546181818181818016e+03 4.762236352554586882e-01 7.173196361591201917e-06 3.421600681687982840e-06 4.935290872847060817e-06
2.586565656565656354e+03 4.837768029763929167e-01 7.165023940049421862e-06 3.417699606812481161e-06 4.929644526386855342e-06
2.626949494949494692e+03 4.913299706973270897e-01 7.157108718988780646e-06 3.413921305625266310e-06 4.924175880381630664e-06
2.667333333333333030e+03 4.988831384182612627e-01 7.149475410507743166e-06 3.410277574354174071e-06 4.918902008481947465e-06
2.707717171717171368e+03 5.064363061391954357e-01 7.142133100910114865e-06 3.406772750312361374e-06 4.913829188437812558e-06
2.748101010101009706e+03 5.139894738601296087e-01 7.135030353986943067e-06 3.403382280617741537e-06 4.908921882843947303e-06
2.788484848484848044e+03 5.215426415810637817e-01 7.128097842951339122e-06 3.400073072387737807e-06 4.904132193650104962e-06
2.828868686868686837e+03 5.290958093019980657e-01 7.121288995653694187e-06 3.396822894580805478e-06 4.899427944041761886e-06
2.869252525252525174e+03 5.366489770229322387e-01 7.114601667339577037e-06 3.393630723406439612e-06 4.894807652202726682e-06
2.909636363636363512e+03 5.442021447438664117e-01 7.108040740612544097e-06 3.390498889557195715e-06 4.890274691535996723e-06
2.950020202020201850e+03 5.517553124648005847e-01 7.101609875193144945e-06 3.387429139986997405e-06 4.885831590551637314e-06
2.990404040404040188e+03 5.593084801857348687e-01 7.095312888072981013e-06 3.384423296722518640e-06 4.881480986418686728e-06
3.030787878787878526e+03 5.668616479066690417e-01 7.089152158345620910e-06 3.381482495415182377e-06 4.877224522858832420e-06
3.071171717171716864e+03 5.744148156276032147e-01 7.083126186907946382e-06 3.378606020473719652e-06 4.873061164137988578e-06
3.111555555555555202e+03 5.819679833485373877e-01 7.077218831395450879e-06 3.375786166400769342e-06 4.868979757456183609e-06
3.151939393939393540e+03 5.895211510694715606e-01 7.071410810687389051e-06 3.373013729425413272e-06 4.864966981438926101e-06
3.192323232323231878e+03 5.970743187904057336e-01 7.065685464494699176e-06 3.370280756820943714e-06 4.861011325450885827e-06
3.232707070707070670e+03 6.046274865113400176e-01 7.060033480841131312e-06 3.367582803550305593e-06 4.857106355824404377e-06
3.273090909090909008e+03 6.121806542322741906e-01 7.054455677086917454e-06 3.364920259777348471e-06 4.853252637275710715e-06
3.313474747474747346e+03 6.197338219532083636e-01 7.048953142613604472e-06 3.362293645514280826e-06 4.849450922461231846e-06
3.353858585858585684e+03 6.272869896741425366e-01 7.043526219925503684e-06 3.359703124254259913e-06 4.845701448018058106e-06
3.394242424242424022e+03 6.348401573950767096e-01 7.038172526663073785e-06 3.357147558786858824e-06 4.842002567968026595e-06
3.434626262626262360e+03 6.423933251160109936e-01 7.032885188093290608e-06 3.354623667483966693e-06 4.838349532540915677e-06
3.475010101010100698e+03 6.499464928369451666e-01 7.027657411262352630e-06 3.352128207754481040e-06 4.834737648467977913e-06
3.515393939393939036e+03 6.574996605578793396e-01 7.022483051482863550e-06 3.349658246454835764e-06 4.831162670369335073e-06
3.555777777777777374e+03 6.650528282788135126e-01 7.017356619255771137e-06 3.347211163193180531e-06 4.827620805536377825e-06
3.596161616161615711e+03 6.726059959997476856e-01 7.012274496017539930e-06 3.344785230661737433e-06 4.824109553894524744e-06
3.636545454545454049e+03 6.801591637206818586e-01 7.007234479546361492e-06 3.342379397638157672e-06 4.820627393923220815e-06
3.676929292929292842e+03 6.877123314416161426e-01 7.002234437759124417e-06 3.339992646380537177e-06 4.817172852560920892e-06
3.717313131313131180e+03 6.952654991625503156e-01 6.997272267922778227e-06 3.337623973157111123e-06 4.813744477024104491e-06
3.757696969696969518e+03 7.028186668834844886e-01 6.992345902634806108e-06 3.335272391101023474e-06 4.810340838939209232e-06
3.798080808080807856e+03 7.103718346044186616e-01 6.987453174141996799e-06 3.332936865443372298e-06 4.806960440600129149e-06
3.838464646464646194e+03 7.179250023253528346e-01 6.982591409230781255e-06 3.330616120135659059e-06 4.803601435076924427e-06
3.878848484848484532e+03 7.254781700462870075e-01 6.977757943648041970e-06 3.328308883406615308e-06 4.800261981630465745e-06
3.919232323232322869e+03 7.330313377672212916e-01 6.972950279205896491e-06 3.326013962755589852e-06 4.796940354256498761e-06
3.959616161616161207e+03 7.405845054881554645e-01 6.968166071844222387e-06 3.323730239254251065e-06 4.793634933438036020e-06
4.000000000000000000e+03 7.481376732090897486e-01 6.963403120687559082e-06 3.321456662322918188e-06 4.790344198584715454e-06
