2.000000000000000000e+00 1.018520437460183772e-04 2.816686787357559840e+00 1.689684058628335497e-02
2.711557788944723768e+01 2.504841983887086008e-04 6.928961648044132282e+00 4.161962912291113093e-02
5.223115577889447536e+01 3.250783787360910122e-04 8.992793483984941716e+00 5.402728176863094700e-02
7.734673366834171304e+01 3.537116533044050285e-04 9.785003591343459206e+00 5.879000887815444276e-02
1.024623115577889507e+02 3.536486105917606643e-04 9.783259359330005012e+00 5.877952264348181716e-02
1.275778894472361884e+02 3.369073223038327705e-04 9.320070360102656437e+00 5.599485379999939033e-02
1.526934673366834261e+02 3.124178842165596724e-04 8.642509701436747349e+00 5.192139337908319163e-02
1.778090452261306496e+02 2.865720178538309014e-04 7.927420111626104493e+00 4.762231092167155261e-02
2.029246231155779014e+02 2.631346338010127493e-04 7.278967120600312590e+00 4.372384432685889888e-02
2.280402010050251533e+02 2.440278126163602829e-04 6.750329823952307073e+00 4.054570362849585496e-02
2.531557788944723768e+02 2.294121357483317565e-04 6.345951103205098143e+00 3.811459920565674064e-02
2.782713567839196003e+02 2.186810939798502986e-04 6.049050386132206469e+00 3.632964710657921037e-02
3.033869346733668522e+02 2.106931495426808069e-04 5.828044217066696397e+00 3.500096919272386448e-02
3.285025125628141041e+02 2.041952817625440749e-04 5.648264690997400805e+00 3.392014377205042341e-02
3.536180904522612991e+02 1.980822411907901914e-04 5.479132358050915030e+00 3.290332873808541475e-02
3.787336683417085510e+02 1.915885865385374889e-04 5.299469398547744348e+00 3.182320410971364866e-02
4.038492462311558029e+02 1.843878081648738030e-04 5.100242118592214879e+00 3.062545977599812758e-02
4.289648241206030548e+02 1.765751835508993562e-04 4.884086604509390028e+00 2.932594375463872666e-02
4.540804020100503067e+02 1.685458714512285414e-04 4.661935897110581983e+00 2.799038493419401044e-02
4.791959798994975017e+02 1.608198077808755614e-04 4.448175304861647028e+00 2.670526706180734525e-02
5.043115577889447536e+02 1.538710601162705273e-04 4.255921075599453651e+00 2.554944435628711194e-02
5.294271356783920055e+02 1.480152597834748815e-04 4.093905927829811553e+00 2.457541747974447549e-02
5.545427135678392006e+02 1.433655594479163584e-04 3.965260508905425585e+00 2.380200772577134583e-02
5.796582914572865093e+02 1.398466472615363901e-04 3.867901130944433774e+00 2.321668806817790004e-02
6.047738693467337043e+02 1.372426287216318974e-04 3.795854540459664861e+00 2.278354760902030762e-02
6.298894472361808994e+02 1.352547503859964661e-04 3.740854987197526071e+00 2.245289307570882964e-02
6.550050251256282081e+02 1.335614255134155769e-04 3.694004981414930278e+00 2.217123320978500040e-02
6.801206030150754032e+02 1.318755929387667913e-04 3.647362268519320327e+00 2.189081957821654642e-02
7.052361809045225982e+02 1.299948720620986971e-04 3.595327490448026797e+00 2.157798912344675857e-02
7.303517587939699069e+02 1.278307446492313022e-04 3.535451572100133166e+00 2.121801812979965535e-02
7.554673366834171020e+02 1.254096561817322057e-04 3.468466192897838418e+00 2.081530541696613792e-02
7.805829145728644107e+02 1.228458128360618122e-04 3.397531148172928450e+00 2.038884751471458506e-02
8.056984924623116058e+02 1.202965906331350261e-04 3.327000633395683860e+00 1.996482162605446239e-02
8.308140703517588008e+02 1.179173883171027597e-04 3.261174137801731820e+00 1.956907606287855428e-02
8.559296482412061096e+02 1.158267255390013677e-04 3.203330799627515546e+00 1.922132483846378942e-02
8.810452261306533046e+02 1.140861880673213377e-04 3.155174540935851812e+00 1.893181184609771944e-02
9.061608040201006133e+02 1.126987765924417859e-04 3.116788383221252179e+00 1.870103620680758222e-02
9.312763819095478084e+02 1.116185904708448138e-04 3.086902372059102451e+00 1.852136301880434252e-02
9.563919597989950034e+02 1.107631130590339060e-04 3.063233481145609449e+00 1.837906684338451793e-02
9.815075376884423122e+02 1.100390751022643136e-04 3.043201186687090054e+00 1.825863370197754534e-02
1.006623115577889507e+03 1.093545495638181017e-04 3.024262100659457886e+00 1.814477287438198694e-02
1.031738693467336816e+03 1.086313830424948145e-04 3.004253916610204911e+00 1.802448468353644653e-02
1.056854271356784011e+03 1.078191286501254976e-04 2.981780897052274337e+00 1.788937802624033027e-02
1.081969849246231206e+03 1.069087715805145007e-04 2.956593625155359728e+00 1.773795342112091319e-02
1.107085427135678401e+03 1.059259402461015581e-04 2.929401174110581429e+00 1.757447378035088478e-02
1.132201005025125596e+03 1.049163117745455757e-04 2.901467314225455674e+00 1.740653682711997691e-02
1.157316582914573019e+03 1.039322440434934422e-04 2.874240655220566154e+00 1.724285152982339350e-02
1.182432160804020214e+03 1.030174391907168549e-04 2.848930324440858364e+00 1.709068710092275997e-02
1.207547738693467409e+03 1.022016489868197216e-04 2.826359477943037657e+00 1.695499231301036969e-02
1.232663316582914604e+03 1.014990078306145054e-04 2.806919178704338158e+00 1.683811821693233929e-02
1.257778894472361799e+03 1.009073756323535653e-04 2.790550215867662498e+00 1.673970884000964415e-02
1.282894472361809221e+03 1.004128351285412047e-04 2.776867534039443086e+00 1.665744924868539645e-02
1.308010050251256416e+03 9.998794167228390833e-05 2.765111809426302525e+00 1.658677442670694266e-02
1.333125628140703611e+03 9.960279078417985047e-05 2.754455660906293346e+00 1.652271020060336326e-02
1.358241206030150806e+03 9.922736398862330351e-05 2.744068553371541874e+00 1.646026343529984753e-02
1.383356783919598001e+03 9.884093806577532186e-05 2.733377127873032553e+00 1.639598712578520245e-02
1.408472361809045196e+03 9.843125161317589861e-05 2.722042142493600103e+00 1.632784176680628432e-02
1.433587939698492619e+03 9.799758064935126334e-05 2.710043566501529000e+00 1.625570693461680233e-02
1.458703517587939814e+03 9.754555514906653000e-05 2.697537167023711380e+00 1.618051909330770269e-02
1.483819095477387009e+03 9.708893411355788315e-05 2.684903620738273045e+00 1.610456685182002495e-02
1.508934673366834204e+03 9.664230370617667685e-05 2.672546489801784553e+00 1.603027640543405394e-02
1.534050251256281399e+03 9.622110835911676320e-05 2.660893082493544615e+00 1.596021670991927197e-02
1.559165829145728821e+03 9.583631805359742444e-05 2.650246910379393750e+00 1.589621246146328409e-02
1.584281407035176017e+03 9.549137065139738948e-05 2.640703090378019535e+00 1.583883549817191941e-02
1.609396984924623212e+03 9.518590199951031160e-05 2.632251547299047534e+00 1.578802524851007777e-02
1.634512562814070407e+03 9.491285915786227417e-05 2.624697144173433472e+00 1.574260855888640412e-02
1.659628140703517602e+03 9.466435090310106439e-05 2.617821550859292579e+00 1.570127283952717223e-02
1.684743718592965024e+03 9.443099791316493226e-05 2.611365265296539118e+00 1.566245797716814964e-02
1.709859296482412219e+03 9.420416747459019354e-05 2.605089442191964366e+00 1.562472804598310366e-02
1.734974874371859414e+03 9.397751904823409264e-05 2.598818654903984893e+00 1.558702838987281215e-02
1.760090452261306609e+03 9.374641352236715291e-05 2.592424550973559061e+00 1.554858736034329947e-02
1.785206030150753804e+03 9.351017535520975425e-05 2.585888439872489730e+00 1.550929259088407175e-02
1.810321608040201227e+03 9.327199336212348320e-05 2.579298548036557559e+00 1.546967449436612539e-02
1.835437185929648422e+03 9.303531044013104605e-05 2.572750131696881937e+00 1.543030574643458261e-02
1.860552763819095617e+03 9.280469946198652807e-05 2.566369710648005675e+00 1.539194697769710393e-02
1.885668341708542812e+03 9.258419874528676843e-05 2.560269014898640005e+00 1.535526990331674557e-02
1.910783919597990007e+03 9.237647968430770778e-05 2.554521955155053536e+00 1.532071887072250505e-02
1.935899497487437202e+03 9.218320777911245953e-05 2.549174611581100258e+00 1.528857091152955629e-02
1.961015075376884624e+03 9.200488994543759677e-05 2.544241009249921248e+00 1.525891034376848469e-02
1.986130653266331819e+03 9.183906639131486269e-05 2.539653091954583441e+00 1.523132801696427778e-02
2.011246231155779014e+03 9.168296450517668839e-05 2.535334148562994105e+00 1.520536274766948366e-02
2.036361809045226209e+03 9.153391526131780483e-05 2.531210333901228626e+00 1.518057058243225434e-02
2.061477386934673632e+03 9.138921614811678176e-05 2.527206876324968210e+00 1.515650199790754757e-02
2.086592964824120827e+03 9.124658299157268791e-05 2.523260578531151488e+00 1.513277705510477147e-02
2.111708542713568022e+03 9.110500658422164175e-05 2.519343518308108987e+00 1.510922788709916954e-02
2.136824120603015217e+03 9.096441277736166725e-05 2.515453644149260537e+00 1.508584216033692117e-02
2.161939698492462412e+03 9.082485188385895592e-05 2.511592348084047188e+00 1.506262824362862053e-02
2.187055276381909607e+03 9.068732017697097615e-05 2.507787194467437697e+00 1.503975185248265616e-02
2.212170854271356802e+03 9.055329046887666529e-05 2.504078932278100300e+00 1.501745796769838985e-02
2.237286432160803997e+03 9.042398220492778109e-05 2.500501300476998257e+00 1.499594942620323564e-02
2.262402010050251192e+03 9.030000437831810136e-05 2.497071148361694970e+00 1.497532752512220275e-02
2.287517587939698842e+03 9.018153542998644961e-05 2.493793412940532139e+00 1.495562194549980746e-02
2.312633165829146037e+03 9.006868360768705126e-05 2.490671089154402829e+00 1.493685069276928269e-02
2.337748743718593232e+03 8.996113811078547775e-05 2.487695577937793168e+00 1.491896206978352013e-02
2.362864321608040427e+03 8.985809584437616992e-05 2.484844659690917279e+00 1.490182249343211494e-02
2.387979899497487622e+03 8.975881030106557499e-05 2.482097680446975652e+00 1.488530779311095578e-02
2.413095477386934817e+03 8.966261290549830940e-05 2.479436142421064471e+00 1.486930676107249029e-02
2.438211055276382012e+03 8.956887210195199481e-05 2.476842572067657233e+00 1.485371434724453918e-02
2.463326633165829207e+03 8.947702335579037572e-05 2.474301350144757272e+00 1.483843664953392490e-02
2.488442211055276402e+03 8.938658271575539659e-05 2.471799086948114788e+00 1.482339316971573000e-02
2.513557788944723598e+03 8.929746094414279525e-05 2.469333313496712812e+00 1.480856906440093483e-02
2.538673366834170793e+03 8.920999893016070908e-05 2.466913461330618951e+00 1.479402103553150924e-02
2.563788944723618442e+03 8.912451564989555411e-05 2.464548355709371918e+00 1.477980214012161210e-02
2.588904522613065637e+03 8.904127935851699482e-05 2.462245418573355327e+00 1.476595699850153168e-02
2.614020100502512832e+03 8.896048132157408431e-05 2.460009941755354035e+00 1.475251742490242199e-02
2.639135678391960028e+03 8.888225282832761692e-05 2.457845557696331174e+00 1.473950525737567976e-02
2.664251256281407223e+03 8.880669804435924338e-05 2.455755148393817144e+00 1.472693782234473989e-02
2.689366834170854418e+03 8.873388659284027339e-05 2.453740640144433716e+00 1.471482670060748725e-02
2.714482412060301613e+03 8.866362896335575072e-05 2.451796789675500854e+00 1.470314036987369240e-02
2.739597989949748808e+03 8.859552549086524651e-05 2.449912539268706890e+00 1.469181235169996977e-02
2.764713567839196003e+03 8.852921039057481348e-05 2.448077768586253811e+00 1.468078180312716759e-02
2.789829145728643198e+03 8.846435779259078746e-05 2.446283461634429113e+00 1.466999452045697483e-02
2.814944723618090393e+03 8.840075203706273068e-05 2.444523651651981488e+00 1.465941463182243373e-02
2.840060301507538043e+03 8.833839560889298237e-05 2.442798407389855431e+00 1.464904255055074489e-02
2.865175879396985238e+03 8.827731945691066754e-05 2.441108585123683561e+00 1.463888342452770996e-02
2.890291457286432433e+03 8.821754767791114605e-05 2.439454851550694414e+00 1.462894126190336999e-02
2.915407035175879628e+03 8.815909833465676332e-05 2.437837706421725592e+00 1.461921906715449304e-02
2.940522613065326823e+03 8.810199021699341925e-05 2.436257669604170228e+00 1.460971996569753774e-02
2.965638190954774018e+03 8.804624470299944432e-05 2.434715332575250635e+00 1.460044751346368727e-02
2.990753768844221213e+03 8.799187756862772956e-05 2.433211131815583794e+00 1.459140433455233254e-02
3.015869346733668408e+03 8.793889899315363923e-05 2.431745348959911457e+00 1.458259212213728652e-02
3.040984924623115603e+03 8.788731406760705235e-05 2.430318124864117468e+00 1.457401172303702044e-02
3.066100502512562798e+03 8.783709190435153979e-05 2.428928604945622460e+00 1.456565799954426428e-02
3.091216080402010448e+03 8.778812821452053718e-05 2.427573903795911647e+00 1.455751360472892601e-02
3.116331658291457643e+03 8.774031679962824822e-05 2.426251083172150214e+00 1.454956087402363603e-02
3.141447236180904838e+03 8.769356045741321499e-05 2.424957453734222224e+00 1.454178363925161775e-02
3.166562814070352033e+03 8.764777025209295226e-05 2.423690554854522006e+00 1.453416710724410137e-02
3.191678391959799228e+03 8.760286578261135368e-05 2.422448162039685826e+00 1.452669790445947073e-02
3.216793969849246423e+03 8.755880834456967023e-05 2.421229204437135962e+00 1.451936959298616263e-02
3.241909547738693618e+03 8.751560547837818754e-05 2.420033890670906906e+00 1.451218342706132695e-02
3.267025125628140813e+03 8.747326490337046015e-05 2.418862434315383947e+00 1.450514069068337998e-02
3.292140703517588008e+03 8.743179162003135039e-05 2.417714973721304172e+00 1.449824221560994629e-02
3.317256281407035203e+03 8.739118817322559496e-05 2.416591579298624559e+00 1.449148842514213185e-02
3.342371859296482398e+03 8.735145489715973326e-05 2.415492260293989446e+00 1.448487937487030058e-02
3.367487437185930048e+03 8.731258561452651015e-05 2.414416845796973021e+00 1.447841403728960565e-02
3.392603015075377243e+03 8.727454796515386141e-05 2.413364440483662943e+00 1.447208702975794764e-02
3.417718592964824438e+03 8.723730263049467098e-05 2.412333956509552735e+00 1.446589181220917127e-02
3.442834170854271633e+03 8.720081264854617157e-05 2.411324371229742081e+00 1.445982223655384313e-02
3.467949748743718828e+03 8.716504326631504694e-05 2.410334723117024680e+00 1.445387252213900346e-02
3.493065326633166023e+03 8.712996179412430908e-05 2.409364107730921134e+00 1.444803723151424045e-02
3.518180904522613218e+03 8.709553747077255126e-05 2.408411673986985857e+00 1.444231124800288146e-02
3.543296482412060413e+03 8.706174146516820658e-05 2.407476624202014470e+00 1.443668977597384502e-02
3.568412060301507609e+03 8.702855238467807251e-05 2.406558366496089452e+00 1.443116925707499387e-02
3.593527638190954804e+03 8.699595770776902227e-05 2.405656554430137373e+00 1.442574760853212491e-02
3.618643216080402453e+03 8.696394560591125527e-05 2.404770860738729255e+00 1.442042286284203091e-02
3.643758793969849648e+03 8.693250431940419056e-05 2.403900960060766590e+00 1.441519306395024590e-02
3.668874371859296843e+03 8.690162217257727949e-05 2.403046529360051142e+00 1.441005626977947054e-02
3.693989949748744039e+03 8.687128758740186581e-05 2.402207248301882814e+00 1.440501055449369509e-02
3.719105527638191234e+03 8.684148909563987428e-05 2.401382799589195649e+00 1.440005401051898913e-02
3.744221105527638429e+03 8.681221534963965900e-05 2.400572869261237585e+00 1.439518475033919713e-02
3.769336683417085624e+03 8.678345506636969047e-05 2.399777145145135293e+00 1.439040089718678257e-02
3.794452261306532819e+03 8.675519505552851073e-05 2.398995262298693198e+00 1.438570025704771944e-02
3.819567839195980014e+03 8.672742009752910876e-05 2.398226799634528117e+00 1.438108029836594748e-02
3.844683417085427209e+03 8.670011540931862382e-05 2.397471348143046299e+00 1.437653856219647981e-02
3.869798994974874404e+03 8.667326676666763628e-05 2.396728514275888511e+00 1.437207268254647209e-02
3.894914572864322054e+03 8.664686047855903542e-05 2.395997919237324414e+00 1.436768038211514061e-02
3.920030150753769249e+03 8.662088336294382232e-05 2.395279198313481128e+00 1.436335946826113388e-02
3.945145728643216444e+03 8.659532272377742327e-05 2.394572000236996345e+00 1.435910782918282599e-02
3.970261306532663639e+03 8.657016632926193406e-05 2.393875986585036753e+00 1.435492343029924796e-02
3.995376884422110834e+03 8.654540239122177580e-05 2.393190831208670932e+00 1.435080431081952983e-02
4.020492462311558029e+03 8.652101954554620555e-05 2.392516219691771528e+00 1.434674858048979804e-02
4.045608040201005224e+03 8.649700684137593115e-05 2.391851849051824352e+00 1.434275441779450308e-02
4.070723618090452419e+03 8.647335412907969506e-05 2.391197438474271131e+00 1.433882013449071582e-02
4.095839195979899614e+03 8.645005219763014358e-05 2.390552733113336714e+00 1.433494419845852269e-02
4.120954773869347264e+03 8.642709214933214177e-05 2.389917486792356716e+00 1.433112512969626773e-02
4.146070351758794459e+03 8.640446533807348887e-05 2.389291460295329905e+00 1.432736149004944573e-02
4.171185929648241654e+03 8.638216336114583262e-05 2.388674421140621895e+00 1.432365188185021933e-02
4.196301507537688849e+03 8.636017805136413225e-05 2.388066143362927995e+00 1.431999494660660642e-02
4.221417085427136044e+03 8.633850146947259470e-05 2.387466407303174609e+00 1.431638936373936730e-02
4.246532663316583239e+03 8.631712589682584923e-05 2.386874999406012332e+00 1.431283384936453407e-02
4.271648241206030434e+03 8.629604382833442331e-05 2.386291712024643630e+00 1.430932715512006626e-02
4.296763819095477629e+03 8.627524796566336622e-05 2.385716343232648917e+00 1.430586806703451966e-02
4.321879396984924824e+03 8.625473121067515697e-05 2.385148696642556576e+00 1.430245540443637713e-02
4.346994974874372019e+03 8.623448665910612217e-05 2.384588581230901116e+00 1.429908801890218163e-02
4.372110552763819214e+03 8.621450759446792087e-05 2.384035811169474162e+00 1.429576479324217754e-02
4.397226130653266409e+03 8.619478748216424335e-05 2.383490205662568417e+00 1.429248464052170278e-02
4.422341708542713604e+03 8.617531995501984284e-05 2.382951588546587729e+00 1.428924650165410565e-02
4.447457286432160799e+03 8.615609873588777202e-05 2.382419786148792351e+00 1.428604933252767759e-02
4.472572864321607994e+03 8.613711767668137957e-05 2.381894628367210665e+00 1.428289211049797031e-02
4.497688442211055190e+03 8.611837079993805424e-05 2.381375949820612181e+00 1.427977384130136099e-02
4.522804020100502385e+03 8.609985229369188369e-05 2.380863589706633476e+00 1.427669355820219803e-02
4.547919597989949580e+03 8.608155650607123770e-05 2.380357391652318189e+00 1.427365032109416572e-02
4.573035175879397684e+03 8.606347794009954442e-05 2.379857203570261426e+00 1.427064321563546560e-02
4.598150753768844879e+03 8.604561124869045054e-05 2.379362877520143638e+00 1.426767135241638514e-02
4.623266331658292074e+03 8.602795122982995202e-05 2.378874269575421696e+00 1.426473386615783115e-02
4.648381909547739269e+03 8.601049282193580557e-05 2.378391239694954695e+00 1.426182991493953403e-02
4.673497487437186464e+03 8.599323109938951794e-05 2.377913651599364631e+00 1.425895867945677076e-02
4.698613065326633659e+03 8.597616126823092483e-05 2.377441372651930340e+00 1.425611936230426931e-02
4.723728643216080854e+03 8.595927866201113121e-05 2.376974273743841071e+00 1.425331118728640455e-02
4.748844221105528050e+03 8.594257873779447509e-05 2.376512229183586733e+00 1.425053339875216596e-02
4.773959798994975245e+03 8.592605707230642498e-05 2.376055116590376048e+00 1.424778526095442019e-02
4.799075376884422440e+03 8.590970935821927944e-05 2.375602816791374305e+00 1.424506605743211009e-02
4.824190954773869635e+03 8.589353140057047812e-05 2.375155213722599967e+00 1.424237509041445353e-02
4.849306532663316830e+03 8.587751911330924158e-05 2.374712194333391757e+00 1.423971168024658514e-02
4.874422110552764025e+03 8.586166851596494008e-05 2.374273648494218847e+00 1.423707516483534163e-02
4.899537688442211220e+03 8.584597573043286777e-05 2.373839468907756878e+00 1.423446489911461832e-02
4.924653266331658415e+03 8.583043697787339735e-05 2.373409551023094366e+00 1.423188025452963926e-02
4.949768844221105610e+03 8.581504857585197678e-05 2.372983792956606663e+00 1.422932061856119201e-02
4.974884422110552805e+03 8.579980693652719699e-05 2.372562095441813845e+00 1.422678539442423333e-02
5.000000000000000000e+03 8.578470856320176863e-05 2.372144361733972584e+00 1.422427400049423862e-02
