2.000000000000000000e+00 2.510750031289705163e-04 2.574858276763829053e+04 1.888387203370079760e+03 1.359868086685766642e+01 2.765056865187522635e+04
2.209045226130653106e+01 2.773180185313955676e-03 2.574857424597296267e+04 1.745976890958747390e+04 1.359868086685766642e+01 4.322194183642729331e+04
4.218090452261306211e+01 5.295285367498940403e-03 2.574855151090488289e+04 2.857308278567761954e+04 1.359868086685766642e+01 5.433523297744936281e+04
6.227135678391959317e+01 7.817390549683925563e-03 2.574851456253859578e+04 3.622073525347903342e+04 1.359868086685766642e+01 6.198284849688449322e+04
8.236180904522612423e+01 1.033949573186890986e-02 2.574846340104384944e+04 4.119980134202812769e+04 1.359868086685766642e+01 6.696186342393883388e+04
1.024522613065326482e+02 1.286160091405389415e-02 2.574839802665601383e+04 4.410412296069339209e+04 1.359868086685766642e+01 6.986611966821625538e+04
1.225427135678391863e+02 1.538370609623888018e-02 2.574831843967531677e+04 4.538955187168401608e+04 1.359868086685766642e+01 7.115146899222618958e+04
1.426331658291457245e+02 1.790581127842386794e-02 2.574822464046769892e+04 4.542462411811482161e+04 1.359868086685766642e+01 7.118644743944937363e+04
1.627236180904522485e+02 2.042791646060885050e-02 2.574811662946424985e+04 4.452238001512196206e+04 1.359868086685766642e+01 7.028409532545306138e+04
1.828140703517587724e+02 2.295002164279383305e-02 2.574799440716142271e+04 4.294864950741154462e+04 1.359868086685766642e+01 6.871024259543982043e+04
2.029045226130652964e+02 2.547212682497881908e-02 2.574785797412088505e+04 4.093673299982837489e+04 1.359868086685766642e+01 6.669818965481611667e+04
2.229949748743718487e+02 2.799423200716380511e-02 2.574770733096962431e+04 3.867140283451573487e+04 1.359868086685766642e+01 6.443270884635221591e+04
2.430854271356783727e+02 3.051633718934879114e-02 2.574754247839992604e+04 3.631843242158639623e+04 1.359868086685766642e+01 6.207957358085318265e+04
2.631758793969848966e+02 3.303844237153377716e-02 2.574736341716930110e+04 3.400040935367682687e+04 1.359868086685766642e+01 5.976137145171299198e+04
2.832663316582914490e+02 3.556054755371876319e-02 2.574717014810056207e+04 3.179368599304947566e+04 1.359868086685766642e+01 5.755445482201690174e+04
3.033567839195979445e+02 3.808265273590374228e-02 2.574696267208167410e+04 2.976808352328159526e+04 1.359868086685766642e+01 5.552864487623012974e+04
3.234472361809044969e+02 4.060475791808872831e-02 2.574674099006579490e+04 2.795921080652518867e+04 1.359868086685766642e+01 5.371955047745784395e+04
3.435376884422110493e+02 4.312686310027372127e-02 2.574650510307143122e+04 2.637429918324944447e+04 1.359868086685766642e+01 5.213440296718773607e+04
3.636281407035175448e+02 4.564896828245870036e-02 2.574625501218207864e+04 2.500658292789975530e+04 1.359868086685766642e+01 5.076643662094869796e+04
3.837185929648240972e+02 4.817107346464368639e-02 2.574599071854651993e+04 2.384230249496706892e+04 1.359868086685766642e+01 4.960189189438045287e+04
4.038090452261305927e+02 5.069317864682866548e-02 2.574571222337866857e+04 2.286056269115802570e+04 1.359868086685766642e+01 4.861987359540355828e+04
4.238994974874371451e+02 5.321528382901365151e-02 2.574541952795743782e+04 2.202864296860041577e+04 1.359868086685766642e+01 4.778766117742471397e+04
4.439899497487436975e+02 5.573738901119864447e-02 2.574511263362697719e+04 2.131499222108059257e+04 1.359868086685766642e+01 4.707370353557443013e+04
4.640804020100501930e+02 5.825949419338362356e-02 2.574479154179638135e+04 2.068571919805373182e+04 1.359868086685766642e+01 4.644410942071697355e+04
4.841708542713567454e+02 6.078159937556860959e-02 2.574445625393985392e+04 2.010941504328051087e+04 1.359868086685766642e+01 4.586746997808722517e+04
5.042613065326632977e+02 6.330370455775359562e-02 2.574410677159658007e+04 1.955756618628117940e+04 1.359868086685766642e+01 4.531527163874461985e+04
5.243517587939697933e+02 6.582580973993858164e-02 2.574374309637075203e+04 1.900610738541045066e+04 1.359868086685766642e+01 4.476344916264806670e+04
5.444422110552762888e+02 6.834791492212355379e-02 2.574336522993143808e+04 1.843675370780119192e+04 1.359868086685766642e+01 4.419371761859949038e+04
5.645326633165828980e+02 7.087002010430855370e-02 2.574297317401278997e+04 1.783749643573747016e+04 1.359868086685766642e+01 4.359406829061712051e+04
5.846231155778893935e+02 7.339212528649353973e-02 2.574256693041367544e+04 1.720271196890034480e+04 1.359868086685766642e+01 4.295887758018088061e+04
6.047135678391958891e+02 7.591423046867851188e-02 2.574214650099794380e+04 1.653282965894980225e+04 1.359868086685766642e+01 4.228857484081461007e+04
6.248040201005024983e+02 7.843633565086351178e-02 2.574171188769419314e+04 1.583357856808325232e+04 1.359868086685766642e+01 4.158888913664430584e+04
6.448944723618089938e+02 8.095844083304848393e-02 2.574126309249579208e+04 1.511477668050690590e+04 1.359868086685766642e+01 4.086963845386955654e+04
6.649849246231154893e+02 8.348054601523346996e-02 2.574080011746100718e+04 1.438896319210073307e+04 1.359868086685766642e+01 4.014336199042860244e+04
6.850753768844220986e+02 8.600265119741846986e-02 2.574032296471264999e+04 1.366996524312856309e+04 1.359868086685766642e+01 3.942388688870807528e+04
7.051658291457285941e+02 8.852475637960344201e-02 2.573983163643822991e+04 1.297156721367983300e+04 1.359868086685766642e+01 3.872499753098492511e+04
7.252562814070350896e+02 9.104686156178842804e-02 2.573932613489000505e+04 1.230641853715708203e+04 1.359868086685766642e+01 3.805934335291395109e+04
7.453467336683416988e+02 9.356896674397341407e-02 2.573880646238467671e+04 1.168507526803953442e+04 1.359868086685766642e+01 3.743748041129107150e+04
7.654371859296481944e+02 9.609107192615840010e-02 2.573827262130364397e+04 1.111544167411980743e+04 1.359868086685766642e+01 3.686731297629031178e+04
7.855276381909546899e+02 9.861317710834338612e-02 2.573772461409265088e+04 1.060256491019937675e+04 1.359868086685766642e+01 3.635388820515888801e+04
8.056180904522611854e+02 1.011352822905283583e-01 2.573716244326209926e+04 1.014859523729374996e+04 1.359868086685766642e+01 3.589935636142270960e+04
8.257085427135677946e+02 1.036573874727133582e-01 2.573658611138658671e+04 9.752883129416581141e+03 1.359868086685766642e+01 3.550306792167003005e+04
8.457989949748742902e+02 1.061794926548983442e-01 2.573599562110524857e+04 9.412429410624372395e+03 1.359868086685766642e+01 3.516202371259648498e+04
8.658894472361807857e+02 1.087015978370833164e-01 2.573539097512139779e+04 9.122318512941279550e+03 1.359868086685766642e+01 3.487130816892953590e+04
8.859798994974873949e+02 1.112237030192683163e-01 2.573477217620276497e+04 8.875936364369839794e+03 1.359868086685766642e+01 3.462430722143946332e+04
9.060703517587938904e+02 1.137458082014532884e-01 2.573413922718122194e+04 8.665630554999479500e+03 1.359868086685766642e+01 3.441336846304756182e+04
9.261608040201003860e+02 1.162679133836382744e-01 2.573349213095277082e+04 8.483151353235229180e+03 1.359868086685766642e+01 3.423024216505485674e+04
9.462512562814069952e+02 1.187900185658232743e-01 2.573283089047758403e+04 8.319919651271231487e+03 1.359868086685766642e+01 3.406634922261567408e+04
9.663417085427134907e+02 1.213121237480082465e-01 2.573215550877989881e+04 8.167705672060549659e+03 1.359868086685766642e+01 3.391345986170730612e+04
9.864321608040199862e+02 1.238342289301932325e-01 2.573146598894791896e+04 8.018871273758241841e+03 1.359868086685766642e+01 3.376393594357302209e+04
1.006522613065326595e+03 1.263563341123782324e-01 2.573076233413376758e+04 7.866856530816548002e+03 1.359868086685766642e+01 3.361121754581717687e+04
1.026613065326632977e+03 1.288784392945631907e-01 2.573004454755354163e+04 7.706473257671281317e+03 1.359868086685766642e+01 3.345011648609168333e+04
1.046703517587939587e+03 1.314005444767481767e-01 2.572931263248711548e+04 7.534090766179745515e+03 1.359868086685766642e+01 3.327700207953371864e+04
1.066793969849246196e+03 1.339226496589331905e-01 2.572856659227812634e+04 7.347852997411710930e+03 1.359868086685766642e+01 3.309001827055669855e+04
1.086884422110552578e+03 1.364447548411181488e-01 2.572780643033393426e+04 7.147441315867737103e+03 1.359868086685766642e+01 3.288884642706852901e+04
1.106974874371859187e+03 1.389668600233031348e-01 2.572703215012559303e+04 6.934269311905764880e+03 1.359868086685766642e+01 3.267490014289821556e+04
1.127065326633165796e+03 1.414889652054881486e-01 2.572624375518763190e+04 6.710759442542091165e+03 1.359868086685766642e+01 3.245060187859657890e+04
1.147155778894472178e+03 1.440110703876731069e-01 2.572544124911813924e+04 6.480571655883190942e+03 1.359868086685766642e+01 3.221961158586818783e+04
1.167246231155778787e+03 1.465331755698580929e-01 2.572462463557878073e+04 6.247666354946179126e+03 1.359868086685766642e+01 3.198588967139181841e+04
1.187336683417085396e+03 1.490552807520430789e-01 2.572379391829438464e+04 6.016445371258752857e+03 1.359868086685766642e+01 3.175383797041999424e+04
1.207427135678391778e+03 1.515773859342280649e-01 2.572294910105333111e+04 5.790994464874387631e+03 1.359868086685766642e+01 3.152754224679457548e+04
1.227517587939698387e+03 1.540994911164130510e-01 2.572209018770702824e+04 5.575202209763978317e+03 1.359868086685766642e+01 3.131089107833786329e+04
1.247608040201004997e+03 1.566215962985980370e-01 2.572121718217025773e+04 5.372186480676964493e+03 1.359868086685766642e+01 3.110700234371408078e+04
1.267698492462311378e+03 1.591437014807830230e-01 2.572033008842072377e+04 5.184410352040283215e+03 1.359868086685766642e+01 3.091833912132786281e+04
1.287788944723617988e+03 1.616658066629680091e-01 2.571942891049932950e+04 5.013423120778358680e+03 1.359868086685766642e+01 3.074645071214454583e+04
1.307879396984924597e+03 1.641879118451529951e-01 2.571851365250982781e+04 4.859874911342339146e+03 1.359868086685766642e+01 3.059198724471902460e+04
1.327969849246230979e+03 1.667100170273379811e-01 2.571758431861899953e+04 4.723757375577806670e+03 1.359868086685766642e+01 3.045494037506366294e+04
1.348060301507537588e+03 1.692321222095229671e-01 2.571664091305622060e+04 4.604142088806656830e+03 1.359868086685766642e+01 3.033438168272973417e+04
1.368150753768844197e+03 1.717542273917079532e-01 2.571568344011377849e+04 4.499789604602882719e+03 1.359868086685766642e+01 3.022907172558351886e+04
1.388241206030150579e+03 1.742763325738929392e-01 2.571471190414653393e+04 4.408508041500563195e+03 1.359868086685766642e+01 3.013681862651395568e+04
1.408331658291457188e+03 1.767984377560779252e-01 2.571372630957194997e+04 4.328083130740941670e+03 1.359868086685766642e+01 3.005540812117974929e+04
1.428422110552763797e+03 1.793205429382629112e-01 2.571272666086999379e+04 4.256031381030345074e+03 1.359868086685766642e+01 2.998235672276719561e+04
1.448512562814070179e+03 1.818426481204478695e-01 2.571171296258304938e+04 4.189911840659644440e+03 1.359868086685766642e+01 2.991522348410955237e+04
1.468603015075376788e+03 1.843647533026328833e-01 2.571068521931580472e+04 4.127329299238660496e+03 1.359868086685766642e+01 2.985161319942132104e+04
1.488693467336683398e+03 1.868868584848178693e-01 2.570964343573523001e+04 4.065885255753759338e+03 1.359868086685766642e+01 2.978912737235584427e+04
1.508783919597989780e+03 1.894089636670028276e-01 2.570858761657040668e+04 4.003497612467549970e+03 1.359868086685766642e+01 2.972568390990481203e+04
1.528874371859296389e+03 1.919310688491878414e-01 2.570751776661260374e+04 3.938434346349714360e+03 1.359868086685766642e+01 2.965955079382917393e+04
1.548964824120602998e+03 1.944531740313728274e-01 2.570643389071500133e+04 3.869269843004645281e+03 1.359868086685766642e+01 2.958930241458650198e+04
1.569055276381909380e+03 1.969752792135577857e-01 2.570533599379270527e+04 3.795340928545823317e+03 1.359868086685766642e+01 2.951427560320538396e+04
1.589145728643215989e+03 1.994973843957427995e-01 2.570422408082263792e+04 3.716568415448764426e+03 1.359868086685766642e+01 2.943439117713825908e+04
1.609236180904522371e+03 2.020194895779277577e-01 2.570309815684339264e+04 3.633159951970784732e+03 1.359868086685766642e+01 2.934985678968103457e+04
1.629326633165828980e+03 2.045415947601127438e-01 2.570195822695535753e+04 3.546089562902866874e+03 1.359868086685766642e+01 2.926164647072508160e+04
1.649417085427135589e+03 2.070636999422977576e-01 2.570080429632028608e+04 3.456426543294014209e+03 1.359868086685766642e+01 2.917082952048115840e+04
1.669507537688441971e+03 2.095858051244827158e-01 2.569963637016146095e+04 3.365414668919591350e+03 1.359868086685766642e+01 2.907864971994790903e+04
1.689597989949748580e+03 2.121079103066677018e-01 2.569845445376356656e+04 3.274539127472225573e+03 1.359868086685766642e+01 2.898659226210264751e+04
1.709688442211055190e+03 2.146300154888526879e-01 2.569725855247251093e+04 3.185097790159495162e+03 1.359868086685766642e+01 2.889595502349886374e+04
1.729778894472361571e+03 2.171521206710376739e-01 2.569604867169535646e+04 3.098274805828661101e+03 1.359868086685766642e+01 2.880792215839087294e+04
1.749869346733668181e+03 2.196742258532226599e-01 2.569482481690020359e+04 3.015116165038298277e+03 1.359868086685766642e+01 2.872353966280536042e+04
1.769959798994974790e+03 2.221963310354076460e-01 2.569358699361622348e+04 2.936457756440355752e+03 1.359868086685766642e+01 2.864364343092343552e+04
1.790050251256281172e+03 2.247184362175926320e-01 2.569233520743333793e+04 2.862836019132255842e+03 1.359868086685766642e+01 2.856876990743245187e+04
1.810140703517587781e+03 2.272405413997776180e-01 2.569106946400240122e+04 2.794615824309403706e+03 1.359868086685766642e+01 2.849928396917866121e+04
1.830231155778894390e+03 2.297626465819626040e-01 2.568978976903481453e+04 2.732022187790180396e+03 1.359868086685766642e+01 2.843541063769185348e+04
1.850321608040200772e+03 2.322847517641475901e-01 2.568849612830257320e+04 2.674895720739063108e+03 1.359868086685766642e+01 2.837699052990849304e+04
1.870412060301507381e+03 2.348068569463325761e-01 2.568718854763807394e+04 2.622968094135531828e+03 1.359868086685766642e+01 2.832375532264046342e+04
1.890502512562813990e+03 2.373289621285175621e-01 2.568586703293432220e+04 2.575923002790858391e+03 1.359868086685766642e+01 2.827538871659203869e+04
1.910592964824120372e+03 2.398510673107025204e-01 2.568453159014424818e+04 2.533050790422933460e+03 1.359868086685766642e+01 2.823118106143403929e+04
1.930683417085426981e+03 2.423731724928875342e-01 2.568318222528114347e+04 2.493566556811619193e+03 1.359868086685766642e+01 2.819034746295962032e+04
1.950773869346733591e+03 2.448952776750725202e-01 2.568181894441834447e+04 2.456751793409299353e+03 1.359868086685766642e+01 2.815216941869449875e+04
1.970864321608039972e+03 2.474173828572574785e-01 2.568044175368904689e+04 2.421781599749385805e+03 1.359868086685766642e+01 2.811582203430528898e+04
1.990954773869346582e+03 2.499394880394424923e-01 2.567905065928628756e+04 2.387825352705445766e+03 1.359868086685766642e+01 2.808047469285859188e+04
2.011045226130653191e+03 2.524615932216274783e-01 2.567764566746282435e+04 2.354146268587848681e+03 1.359868086685766642e+01 2.804539061691752795e+04
2.031135678391959573e+03 2.549836984038124643e-01 2.567622678453104891e+04 2.320183524361128093e+03 1.359868086685766642e+01 2.801000898975903328e+04
2.051226130653265955e+03 2.575058035859973948e-01 2.567479401686284473e+04 2.285529541144039285e+03 1.359868086685766642e+01 2.797392223887373984e+04
2.071316582914572791e+03 2.600279087681824364e-01 2.567334737088948168e+04 2.249832454507629336e+03 1.359868086685766642e+01 2.793677850626396685e+04
2.091407035175879173e+03 2.625500139503674224e-01 2.567188685310140863e+04 2.212887898780877549e+03 1.359868086685766642e+01 2.789837343274914383e+04
2.111497487437185555e+03 2.650721191325523529e-01 2.567041247004840261e+04 2.174750200042637061e+03 1.359868086685766642e+01 2.785876135095789505e+04
2.131587939698492391e+03 2.675942243147373945e-01 2.566892422833906676e+04 2.135510560899356278e+03 1.359868086685766642e+01 2.781803347010528159e+04
2.151678391959798773e+03 2.701163294969223805e-01 2.566742213464109955e+04 2.095285961611190487e+03 1.359868086685766642e+01 2.777630677711914541e+04
2.171768844221105155e+03 2.726384346791073110e-01 2.566590619568092734e+04 2.054408004102640461e+03 1.359868086685766642e+01 2.773391288065042318e+04
2.191859296482411992e+03 2.751605398612923525e-01 2.566437641824362436e+04 2.013289017202136165e+03 1.359868086685766642e+01 2.769126411631261726e+04
2.211949748743718374e+03 2.776826450434773386e-01 2.566283280917294178e+04 1.972296428310118017e+03 1.359868086685766642e+01 2.764872791834991585e+04
2.232040201005024755e+03 2.802047502256622691e-01 2.566127537537099488e+04 1.931800104012522070e+03 1.359868086685766642e+01 2.760667416025037528e+04
2.252130653266331592e+03 2.827268554078473106e-01 2.565970412379818299e+04 1.892231769857527979e+03 1.359868086685766642e+01 2.756553457452256771e+04
2.272221105527637974e+03 2.852489605900322411e-01 2.565811906147322225e+04 1.853981324147830264e+03 1.359868086685766642e+01 2.752569906648790857e+04
2.292311557788944356e+03 2.877710657722172272e-01 2.565652019547278906e+04 1.817381006149131963e+03 1.359868086685766642e+01 2.748749988248877708e+04
2.312402010050251192e+03 2.902931709544022687e-01 2.565490753293166927e+04 1.782621942395772976e+03 1.359868086685766642e+01 2.745112815619429966e+04
2.332492462311557574e+03 2.928152761365871992e-01 2.565328108104227795e+04 1.749769620309761422e+03 1.359868086685766642e+01 2.741664938221889679e+04
2.352582914572863956e+03 2.953373813187721852e-01 2.565164084705485948e+04 1.718871773728533526e+03 1.359868086685766642e+01 2.738411130165024952e+04
2.372673366834170793e+03 2.978594865009572268e-01 2.564998683827725108e+04 1.689952560838440604e+03 1.359868086685766642e+01 2.735353807998254706e+04
2.392763819095477174e+03 3.003815916831421573e-01 2.564831906207467546e+04 1.662876205675870096e+03 1.359868086685766642e+01 2.732479394861740366e+04
2.412854271356783556e+03 3.029036968653271433e-01 2.564663752586967894e+04 1.637420092524436996e+03 1.359868086685766642e+01 2.729765629926097245e+04
2.432944723618090393e+03 3.054258020475121849e-01 2.564494223714206964e+04 1.613380717934045379e+03 1.359868086685766642e+01 2.727192163594297017e+04
2.453035175879396775e+03 3.079479072296971154e-01 2.564323320342863371e+04 1.590566424332020915e+03 1.359868086685766642e+01 2.724739830862751114e+04
2.473125628140703157e+03 3.104700124118821014e-01 2.564151043232313168e+04 1.568735037466658468e+03 1.359868086685766642e+01 2.722384415065664871e+04
2.493216080402009993e+03 3.129921175940671429e-01 2.563977393147612383e+04 1.547627805023612382e+03 1.359868086685766642e+01 2.720100041736659114e+04
2.513306532663316375e+03 3.155142227762520735e-01 2.563802370859482471e+04 1.527009494016206872e+03 1.359868086685766642e+01 2.717863188347788673e+04
2.533396984924622757e+03 3.180363279584370595e-01 2.563625977144299031e+04 1.506668241912198482e+03 1.359868086685766642e+01 2.715652669422204417e+04
2.553487437185929593e+03 3.205584331406221010e-01 2.563448212784076895e+04 1.486432763791679690e+03 1.359868086685766642e+01 2.713451357249930516e+04
2.573577889447235975e+03 3.230805383228070315e-01 2.563269078566457392e+04 1.466163933028098654e+03 1.359868086685766642e+01 2.711245339955953023e+04
2.593668341708542357e+03 3.256026435049920176e-01 2.563088575284694161e+04 1.445737375604119052e+03 1.359868086685766642e+01 2.709022180931791809e+04
2.613758793969849194e+03 3.281247486871770591e-01 2.562906703737640782e+04 1.425043719409498408e+03 1.359868086685766642e+01 2.706770943765276388e+04
2.633849246231155576e+03 3.306468538693619896e-01 2.562723464729734042e+04 1.404059074183732037e+03 1.359868086685766642e+01 2.704489240234793033e+04
2.653939698492461957e+03 3.331689590515469757e-01 2.562538859070988110e+04 1.382870253171059630e+03 1.359868086685766642e+01 2.702185752474779656e+04
2.674030150753768794e+03 3.356910642337320172e-01 2.562352887576966168e+04 1.361565862657796970e+03 1.359868086685766642e+01 2.699869341929431539e+04
2.694120603015075176e+03 3.382131694159169477e-01 2.562165551068780769e+04 1.340227144703343811e+03 1.359868086685766642e+01 2.697548133625800983e+04
2.714211055276381558e+03 3.407352745981019337e-01 2.561976850373072375e+04 1.318937957527051822e+03 1.359868086685766642e+01 2.695230514212463095e+04
2.734301507537688394e+03 3.432573797802869753e-01 2.561786786321996624e+04 1.297820961919840101e+03 1.359868086685766642e+01 2.692928750600666172e+04
2.754391959798994776e+03 3.457794849624719058e-01 2.561595359753210869e+04 1.277000418021228597e+03 1.359868086685766642e+01 2.690655269642019266e+04
2.774482412060301158e+03 3.483015901446568918e-01 2.561402571509854170e+04 1.256587495566117695e+03 1.359868086685766642e+01 2.688421189153151499e+04
2.794572864321607994e+03 3.508236953268418779e-01 2.561208422440548748e+04 1.236681026276439752e+03 1.359868086685766642e+01 2.686236393154878533e+04
2.814663316582914376e+03 3.533458005090268639e-01 2.561012913399364334e+04 1.217357778647495934e+03 1.359868086685766642e+01 2.684108559350799624e+04
2.834753768844220758e+03 3.558679056912118499e-01 2.560816045245817077e+04 1.198669299855964937e+03 1.359868086685766642e+01 2.682042843318099403e+04
2.854844221105527595e+03 3.583900108733968359e-01 2.560617818844855719e+04 1.180659317117551609e+03 1.359868086685766642e+01 2.680043618643296577e+04
2.874934673366833977e+03 3.609121160555818220e-01 2.560418235066839043e+04 1.163365871777151597e+03 1.359868086685766642e+01 2.678114690331239763e+04
2.895025125628140358e+03 3.634342212377668080e-01 2.560217294787523861e+04 1.146818425468016358e+03 1.359868086685766642e+01 2.676259005421011170e+04
2.915115577889447195e+03 3.659563264199517940e-01 2.560014998888054834e+04 1.130982805959026564e+03 1.359868086685766642e+01 2.674473147570643050e+04
2.935206030150753577e+03 3.684784316021367800e-01 2.559811348254942641e+04 1.115777731538793887e+03 1.359868086685766642e+01 2.672748989495507703e+04
2.955296482412059959e+03 3.710005367843217661e-01 2.559606343780058887e+04 1.101126828716004184e+03 1.359868086685766642e+01 2.671078894738345116e+04
2.975386934673366795e+03 3.735226419665067521e-01 2.559399986360608455e+04 1.086959707339025954e+03 1.359868086685766642e+01 2.669455825181196633e+04
2.995477386934673177e+03 3.760447471486917381e-01 2.559192276899117132e+04 1.073210753521683046e+03 1.359868086685766642e+01 2.667873220337970997e+04
3.015567839195979559e+03 3.785668523308767242e-01 2.558983216303432710e+04 1.059808770807401061e+03 1.359868086685766642e+01 2.666323961470858558e+04
3.035658291457286396e+03 3.810889575130617102e-01 2.558772805486683501e+04 1.046679917532599347e+03 1.359868086685766642e+01 2.664800665326628950e+04
3.055748743718592777e+03 3.836110626952466962e-01 2.558561045367285260e+04 1.033756089640462505e+03 1.359868086685766642e+01 2.663296522418017048e+04
3.075839195979899159e+03 3.861331678774316822e-01 2.558347936868911711e+04 1.020974764826617047e+03 1.359868086685766642e+01 2.661805281438259044e+04
3.095929648241205996e+03 3.886552730596166683e-01 2.558133480920488000e+04 1.008279167573300583e+03 1.359868086685766642e+01 2.660321265764503551e+04
3.116020100502512378e+03 3.911773782418016543e-01 2.557917678456167414e+04 9.956373455738029179e+02 1.359868086685766642e+01 2.658841281100233391e+04
3.136110552763818760e+03 3.936994834239866403e-01 2.557700530415319372e+04 9.830459279028584660e+02 1.359868086685766642e+01 2.657364991292290870e+04
3.156201005025125596e+03 3.962215886061716263e-01 2.557482037742522880e+04 9.705037242713214027e+02 1.359868086685766642e+01 2.655892278256340796e+04
3.176291457286431978e+03 3.987436937883566124e-01 2.557262201387524692e+04 9.580098271658913518e+02 1.359868086685766642e+01 2.654423052190799353e+04
3.196381909547738360e+03 4.012657989705415984e-01 2.557041022305264050e+04 9.455635934425425830e+02 1.359868086685766642e+01 2.652957249736203812e+04
3.216472361809044742e+03 4.037879041527265289e-01 2.556818501455813021e+04 9.331714409489907212e+02 1.359868086685766642e+01 2.651495513637397744e+04
3.236562814070351578e+03 4.063100093349115705e-01 2.556594639804394683e+04 9.208692495142647658e+02 1.359868086685766642e+01 2.650041432842506765e+04
3.256653266331657960e+03 4.088321145170965010e-01 2.556369438321342750e+04 9.086980229432099350e+02 1.359868086685766642e+01 2.648599108702349258e+04
3.276743718592964342e+03 4.113542196992814870e-01 2.556142897982105569e+04 8.966951547585472326e+02 1.359868086685766642e+01 2.647172281544646103e+04
3.296834170854271179e+03 4.138763248814665285e-01 2.555915019767215563e+04 8.848946393395843870e+02 1.359868086685766642e+01 2.645764351787859778e+04
3.316924623115577560e+03 4.163984300636514591e-01 2.555685804662277224e+04 8.733272198472401442e+02 1.359868086685766642e+01 2.644378394733686946e+04
3.337015075376883942e+03 4.189205352458364451e-01 2.555455253657958019e+04 8.620139660857031458e+02 1.359868086685766642e+01 2.643016518353213905e+04
3.357105527638190779e+03 4.214426404280214866e-01 2.555223367749957833e+04 8.509616621355861525e+02 1.359868086685766642e+01 2.641679402050202043e+04
3.377195979899497161e+03 4.239647456102064171e-01 2.554990147939010421e+04 8.401748561891888585e+02 1.359868086685766642e+01 2.640367501644614822e+04
3.397286432160803543e+03 4.264868507923914032e-01 2.554755595230850304e+04 8.296573292304291272e+02 1.359868086685766642e+01 2.639081196240578720e+04
3.417376884422110379e+03 4.290089559745764447e-01 2.554519710636203672e+04 8.194121618511571796e+02 1.359868086685766642e+01 2.637820794908004973e+04
3.437467336683416761e+03 4.315310611567613752e-01 2.554282495170773473e+04 8.094416972447579610e+02 1.359868086685766642e+01 2.636586532981934943e+04
3.457557788944723143e+03 4.340531663389463612e-01 2.554043949855216124e+04 7.997390724865376797e+02 1.359868086685766642e+01 2.635377725190555429e+04
3.477648241206029979e+03 4.365752715211314028e-01 2.553804075715140061e+04 7.902826576411974884e+02 1.359868086685766642e+01 2.634192209565945450e+04
3.497738693467336361e+03 4.390973767033163333e-01 2.553562873781069720e+04 7.810507174454508004e+02 1.359868086685766642e+01 2.633027813612300451e+04
3.517829145728642743e+03 4.416194818855013193e-01 2.553320345088440808e+04 7.720229364281185553e+02 1.359868086685766642e+01 2.631882506817938338e+04
3.537919597989949580e+03 4.441415870676863609e-01 2.553076490677575566e+04 7.631803261070863300e+02 1.359868086685766642e+01 2.630754391374969782e+04
3.558010050251255961e+03 4.466636922498712914e-01 2.552831311593679493e+04 7.545051406812191317e+02 1.359868086685766642e+01 2.629641693748487160e+04
3.578100502512562343e+03 4.491857974320562774e-01 2.552584808886807150e+04 7.459805250817011029e+02 1.359868086685766642e+01 2.628542729481662900e+04
3.598190954773869180e+03 4.517079026142413190e-01 2.552336983611857067e+04 7.375895793085710466e+02 1.359868086685766642e+01 2.627455809629399664e+04
3.618281407035175562e+03 4.542300077964262495e-01 2.552087836828551372e+04 7.293162396015061404e+02 1.359868086685766642e+01 2.626379328875387728e+04
3.638371859296481944e+03 4.567521129786112355e-01 2.551837369601420869e+04 7.211455447734740574e+02 1.359868086685766642e+01 2.625311792165453880e+04
3.658462311557788780e+03 4.592742181607962770e-01 2.551585582999777398e+04 7.130635762603291141e+02 1.359868086685766642e+01 2.624251808712496131e+04
3.678552763819095162e+03 4.617963233429812075e-01 2.551332478097718194e+04 7.050574033811939216e+02 1.359868086685766642e+01 2.623198086522523226e+04
3.698643216080401544e+03 4.643184285251661936e-01 2.551078055974082235e+04 6.971151300066937893e+02 1.359868086685766642e+01 2.622149437061437129e+04
3.718733668341708380e+03 4.668405337073512351e-01 2.550822317712448785e+04 6.892331769334289220e+02 1.359868086685766642e+01 2.621105503492477510e+04
3.738824120603014762e+03 4.693626388895361656e-01 2.550565264401125387e+04 6.814206384135882217e+02 1.359868086685766642e+01 2.620067196329169747e+04
3.758914572864321144e+03 4.718847440717211517e-01 2.550306897133117673e+04 6.736870893813285193e+02 1.359868086685766642e+01 2.619035474157936187e+04
3.779005025125627981e+03 4.744068492539061377e-01 2.550047217006111896e+04 6.660413439062234602e+02 1.359868086685766642e+01 2.618011219483420064e+04
3.799095477386934363e+03 4.769289544360911237e-01 2.549786225122468386e+04 6.584914941988121200e+02 1.359868086685766642e+01 2.616995242629035420e+04
3.819185929648240744e+03 4.794510596182761097e-01 2.549523922589196445e+04 6.510449491115731462e+02 1.359868086685766642e+01 2.615988285587039354e+04
3.839276381909547581e+03 4.819731648004610958e-01 2.549260310517936523e+04 6.437084696184343784e+02 1.359868086685766642e+01 2.614991025566465760e+04
3.859366834170853963e+03 4.844952699826460818e-01 2.548995390024945300e+04 6.364877235845900714e+02 1.359868086685766642e+01 2.614004030470089856e+04
3.879457286432160345e+03 4.870173751648310678e-01 2.548729162231080045e+04 6.293867848670575995e+02 1.359868086685766642e+01 2.613027708804471331e+04
3.899547738693467181e+03 4.895394803470160539e-01 2.548461628261774968e+04 6.224091638329879288e+02 1.359868086685766642e+01 2.612062412731759468e+04
3.919638190954773563e+03 4.920615855292010399e-01 2.548192789247026303e+04 6.155579848424500824e+02 1.359868086685766642e+01 2.611108455817956929e+04
3.939728643216079945e+03 4.945836907113860259e-01 2.547922646321376669e+04 6.088360115670468531e+02 1.359868086685766642e+01 2.610166115564767097e+04
3.959819095477386782e+03 4.971057958935710119e-01 2.547651200623892510e+04 6.022456713096688645e+02 1.359868086685766642e+01 2.609235635841545081e+04
3.979909547738693163e+03 4.996279010757559980e-01 2.547378453298152090e+04 5.957890783226554277e+02 1.359868086685766642e+01 2.608317229217103159e+04
4.000000000000000000e+03 5.021500062579410395e-01 2.547104405492221122e+04 5.894675363630290121e+02 1.359868086685766642e+01 2.607411027215209833e+04
