2.000000000000000000e+00 3.740688366045448335e-04 7.496669964660477825e+06 1.451746920864848653e+06 2.939016110905929963e+03 8.951355901636233553e+06
2.711557788944723768e+01 5.071546337482723751e-03 7.496668720136813819e+06 1.454901791485269740e+07 2.939016110905929963e+03 2.204862565110041574e+07
5.223115577889447536e+01 9.769023838360903211e-03 7.496665328521393239e+06 2.112216225365075096e+07 2.939016110905929963e+03 2.862176659828304872e+07
7.734673366834171304e+01 1.446650133923908267e-02 7.496659789818440564e+06 2.364529424324327707e+07 2.939016110905929963e+03 3.114489304917262122e+07
1.024623115577889507e+02 1.916397884011726213e-02 7.496652104034787044e+06 2.363974668820286170e+07 2.939016110905929963e+03 3.113933780834855139e+07
1.275778894472361884e+02 2.386145634099543986e-02 7.496642271179999225e+06 2.216453624192190915e+07 2.939016110905929963e+03 2.966411752921281382e+07
1.526934673366834261e+02 2.855893384187362105e-02 7.496630291266268119e+06 2.000657118508416414e+07 2.939016110905929963e+03 2.750614049246133864e+07
1.778090452261306496e+02 3.325641134275179878e-02 7.496616164308439940e+06 1.772908160179144144e+07 2.939016110905929963e+03 2.522863678221078590e+07
2.029246231155779014e+02 3.795388884362997650e-02 7.496599890324060805e+06 1.566382645520406030e+07 2.939016110905929963e+03 2.316336536163902655e+07
2.280402010050251533e+02 4.265136634450816117e-02 7.496581469333305024e+06 1.398017695311477222e+07 2.939016110905929963e+03 2.147969743855898082e+07
2.531557788944723768e+02 4.734884384538633889e-02 7.496560901359031908e+06 1.269228332128646784e+07 2.939016110905929963e+03 2.019178323875640333e+07
2.782713567839196003e+02 5.204632134626450968e-02 7.496538186426755041e+06 1.174670076613137498e+07 2.939016110905929963e+03 1.924617796866903454e+07
3.033869346733668522e+02 5.674379884714269434e-02 7.496513324564673938e+06 1.104283848265234940e+07 2.939016110905929963e+03 1.854229082332792878e+07
3.285025125628141041e+02 6.144127634802087901e-02 7.496486315803587437e+06 1.047028193896886706e+07 2.939016110905929963e+03 1.796970727088335901e+07
3.536180904522612991e+02 6.613875384889904285e-02 7.496457160177038051e+06 9.931638009016098455e+06 2.939016110905929963e+03 1.743103418530404195e+07
3.787336683417085510e+02 7.083623134977723446e-02 7.496425857721177861e+06 9.359457014308718964e+06 2.939016110905929963e+03 1.685882188814080134e+07
4.038492462311558029e+02 7.553370885065541218e-02 7.496392408474856056e+06 8.724967355195995420e+06 2.939016110905929963e+03 1.622429877978175692e+07
4.289648241206030548e+02 8.023118635153358991e-02 7.496356812479529530e+06 8.036564757810400799e+06 2.939016110905929963e+03 1.553586058640083671e+07
4.540804020100503067e+02 8.492866385241176763e-02 7.496319069779401645e+06 7.329070091222422197e+06 2.939016110905929963e+03 1.482832817711273022e+07
4.791959798994975017e+02 8.962614135328994536e-02 7.496279180421266705e+06 6.648299423568793572e+06 2.939016110905929963e+03 1.414751762010096572e+07
5.043115577889447536e+02 9.432361885416812308e-02 7.496237144454604946e+06 6.036026965386613272e+06 2.939016110905929963e+03 1.353520312595212460e+07
5.294271356783920055e+02 9.902109635504631469e-02 7.496192961931584403e+06 5.520065733455400914e+06 2.939016110905929963e+03 1.301919771149789169e+07
5.545427135678392006e+02 1.037185738559244785e-01 7.496146632906974293e+06 5.110386591599349864e+06 2.939016110905929963e+03 1.260947224061723053e+07
5.796582914572865093e+02 1.084160513568026701e-01 7.496098157438280992e+06 4.800353158880067058e+06 2.939016110905929963e+03 1.229939033242925443e+07
6.047738693467337043e+02 1.131135288576808479e-01 7.496047535585608333e+06 4.570941095947445370e+06 2.939016110905929963e+03 1.206992764764395915e+07
6.298894472361808994e+02 1.178110063585590117e-01 7.495994767411764711e+06 4.395824642807618715e+06 2.939016110905929963e+03 1.189475842633028887e+07
6.550050251256282081e+02 1.225084838594372033e-01 7.495939852982194163e+06 4.246665999222204089e+06 2.939016110905929963e+03 1.174554486831530370e+07
6.801206030150754032e+02 1.272059613603153672e-01 7.495882792365036905e+06 4.098169713252355345e+06 2.939016110905929963e+03 1.159699152172829770e+07
7.052361809045225982e+02 1.319034388611935449e-01 7.495823585631031543e+06 3.932502272852795199e+06 2.939016110905929963e+03 1.143126487459473312e+07
7.303517587939699069e+02 1.366009163620717504e-01 7.495762232853651978e+06 3.741863567714221776e+06 2.939016110905929963e+03 1.124056481667877920e+07
7.554673366834171020e+02 1.412983938629499003e-01 7.495698734108978882e+06 3.528583938773083966e+06 2.939016110905929963e+03 1.102722168899296969e+07
7.805829145728644107e+02 1.459958713638281058e-01 7.495633089475771412e+06 3.302727083834523801e+06 2.939016110905929963e+03 1.080129918942120112e+07
8.056984924623116058e+02 1.506933488647062835e-01 7.495565299035448581e+06 3.078160770548639353e+06 2.939016110905929963e+03 1.057666508569499478e+07
8.308140703517588008e+02 1.553908263655844335e-01 7.495495362872117199e+06 2.868578531538066454e+06 2.939016110905929963e+03 1.036701291052109003e+07
8.559296482412061096e+02 1.600883038664626390e-01 7.495423281072481535e+06 2.684424162299671676e+06 2.939016110905929963e+03 1.018278645948305912e+07
8.810452261306533046e+02 1.647857813673408167e-01 7.495349053725969978e+06 2.531124519567763899e+06 2.939016110905929963e+03 1.002941258940464072e+07
9.061608040201006133e+02 1.694832588682189944e-01 7.495272680924621411e+06 2.408944020135223866e+06 2.939016110905929963e+03 9.907155717170750722e+06
9.312763819095478084e+02 1.741807363690971722e-01 7.495194162763177417e+06 2.313837959642110392e+06 2.939016110905929963e+03 9.811971138516193256e+06
9.563919597989950034e+02 1.788782138699753499e-01 7.495113499338991940e+06 2.238535080023431685e+06 2.939016110905929963e+03 9.736587595473330468e+06
9.815075376884423122e+02 1.835756913708535276e-01 7.495030690752124414e+06 2.174816617267238442e+06 2.939016110905929963e+03 9.672786324130268767e+06
1.006623115577889507e+03 1.882731688717317053e-01 7.494945737105251290e+06 2.114582081844063010e+06 2.939016110905929963e+03 9.612466835060220212e+06
1.031738693467336816e+03 1.929706463726099108e-01 7.494858638503747992e+06 2.050944698846534826e+06 2.939016110905929963e+03 9.548742353461189196e+06
1.056854271356784011e+03 1.976681238734880608e-01 7.494769395055606961e+06 1.979459154809274478e+06 2.939016110905929963e+03 9.477167565975787118e+06
1.081969849246231206e+03 2.023656013743662385e-01 7.494678006871514954e+06 1.899331076770256739e+06 2.939016110905929963e+03 9.396948099752677605e+06
1.107085427135678401e+03 2.070630788752444162e-01 7.494584474064776674e+06 1.812818806573081994e+06 2.939016110905929963e+03 9.310342296748764813e+06
1.132201005025125596e+03 2.117605563761225940e-01 7.494488796751399525e+06 1.723947352443755604e+06 2.939016110905929963e+03 9.221375165306061506e+06
1.157316582914573019e+03 2.164580338770007994e-01 7.494390975050028414e+06 1.637330421497445088e+06 2.939016110905929963e+03 9.134660412658380345e+06
1.182432160804020214e+03 2.211555113778789772e-01 7.494291009081938304e+06 1.556818988446685020e+06 2.939016110905929963e+03 9.054049013639530167e+06
1.207547738693467409e+03 2.258529888787571271e-01 7.494188898971104063e+06 1.485034740016213385e+06 2.939016110905929963e+03 8.982162655098224059e+06
1.232663316582914604e+03 2.305504663796353049e-01 7.494084644844117574e+06 1.423223180690729059e+06 2.939016110905929963e+03 8.920246841645753011e+06
1.257778894472361799e+03 2.352479438805134826e-01 7.493978246830261312e+06 1.371195728450447554e+06 2.939016110905929963e+03 8.868112991391615942e+06
1.282894472361809221e+03 2.399454213813916881e-01 7.493869705061442219e+06 1.327726012230360648e+06 2.939016110905929963e+03 8.824534733402708545e+06
1.308010050251256416e+03 2.446428988822698658e-01 7.493759019672253169e+06 1.290395645750511205e+06 2.939016110905929963e+03 8.787093681533670053e+06
1.333125628140703611e+03 2.493403763831480435e-01 7.493646190799901262e+06 1.256569485526784556e+06 2.939016110905929963e+03 8.753154692437592894e+06
1.358241206030150806e+03 2.540378538840262213e-01 7.493531218584291637e+06 1.223602342876995914e+06 2.939016110905929963e+03 8.720072577572194859e+06
1.383356783919598001e+03 2.587353313849043990e-01 7.493414103167945519e+06 1.189668114814588800e+06 2.939016110905929963e+03 8.686021234093440697e+06
1.408472361809045196e+03 2.634328088857825767e-01 7.493294844696070999e+06 1.153686342555293581e+06 2.939016110905929963e+03 8.649920203362271190e+06
1.433587939698492619e+03 2.681302863866607544e-01 7.493173443316497840e+06 1.115593229657149874e+06 2.939016110905929963e+03 8.611705689084554091e+06
1.458703517587939814e+03 2.728277638875389322e-01 7.493049899179734290e+06 1.075884881932434160e+06 2.939016110905929963e+03 8.571873797223074362e+06
1.483819095477387009e+03 2.775252413884171099e-01 7.492924212438926101e+06 1.035773724299202906e+06 2.939016110905929963e+03 8.531636952849036083e+06
1.508934673366834204e+03 2.822227188892952876e-01 7.492796383249875158e+06 9.965450701092210365e+05 2.939016110905929963e+03 8.492280469470001757e+06
1.534050251256281399e+03 2.869201963901734653e-01 7.492666411771028303e+06 9.595598622318619164e+05 2.939016110905929963e+03 8.455165290113797411e+06
1.559165829145728821e+03 2.916176738910516431e-01 7.492534298163494095e+06 9.257847608058733167e+05 2.939016110905929963e+03 8.421258075080273673e+06
1.584281407035176017e+03 2.963151513919298208e-01 7.492400042591026053e+06 8.955227055204953067e+05 2.939016110905929963e+03 8.390861764222428203e+06
1.609396984924623212e+03 3.010126288928079985e-01 7.492263645220032893e+06 8.687416075259136269e+05 2.939016110905929963e+03 8.363944268856853247e+06
1.634512562814070407e+03 3.057101063936861762e-01 7.492125106219559908e+06 8.448199708610215457e+05 2.939016110905929963e+03 8.339884093191487715e+06
1.659628140703517602e+03 3.104075838945643540e-01 7.491984425761313178e+06 8.230624311434212141e+05 2.939016110905929963e+03 8.317985873015640303e+06
1.684743718592965024e+03 3.151050613954425872e-01 7.491841604019643739e+06 8.026424946892944863e+05 2.939016110905929963e+03 8.297423114819844253e+06
1.709859296482412219e+03 3.198025388963207094e-01 7.491696641171565279e+06 7.827994579787009861e+05 2.939016110905929963e+03 8.277435115261172876e+06
1.734974874371859414e+03 3.245000163971988871e-01 7.491549537396707572e+06 7.629746008719212841e+05 2.939016110905929963e+03 8.257463154379535466e+06
1.760090452261306609e+03 3.291974938980770649e-01 7.491400292877370492e+06 7.427591307697972516e+05 2.939016110905929963e+03 8.237098439758074470e+06
1.785206030150753804e+03 3.338949713989552426e-01 7.491248907798501663e+06 7.220935196353133069e+05 2.939016110905929963e+03 8.216281443544721231e+06
1.810321608040201227e+03 3.385924488998334758e-01 7.491095382347681560e+06 7.012587614915417507e+05 2.939016110905929963e+03 8.195293159950129688e+06
1.835437185929648422e+03 3.432899264007116535e-01 7.490939716715168208e+06 6.805582397002887446e+05 2.939016110905929963e+03 8.174436972526363097e+06
1.860552763819095617e+03 3.479874039015897758e-01 7.490781911093816161e+06 6.603949095942617860e+05 2.939016110905929963e+03 8.154115836798984557e+06
1.885668341708542812e+03 3.526848814024679535e-01 7.490621965679166839e+06 6.411246222069350770e+05 2.939016110905929963e+03 8.134685603997007944e+06
1.910783919597990007e+03 3.573823589033461312e-01 7.490459880669369362e+06 6.229827770860821474e+05 2.939016110905929963e+03 8.116381673866357654e+06
1.935899497487437202e+03 3.620798364042243089e-01 7.490295656265251338e+06 6.061161357033158420e+05 2.939016110905929963e+03 8.099350808079473674e+06
1.961015075376884624e+03 3.667773139051025422e-01 7.490129292670287192e+06 5.905693666023678379e+05 2.939016110905929963e+03 8.083637675383561291e+06
1.986130653266331819e+03 3.714747914059807199e-01 7.489960790090546943e+06 5.761257159479619004e+05 2.939016110905929963e+03 8.069025522149415687e+06
2.011246231155779014e+03 3.761722689068588976e-01 7.489790148734786548e+06 5.625408646509601967e+05 2.939016110905929963e+03 8.055270029496653005e+06
2.036361809045226209e+03 3.808697464077370198e-01 7.489617368814381771e+06 5.495796214693906950e+05 2.939016110905929963e+03 8.042136006394678727e+06
2.061477386934673632e+03 3.855672239086152531e-01 7.489442450543372892e+06 5.370038444237760268e+05 2.939016110905929963e+03 8.029385311078054830e+06
2.086592964824120827e+03 3.902647014094934308e-01 7.489265394138405100e+06 5.246122548922948772e+05 2.939016110905929963e+03 8.016816665141606703e+06
2.111708542713568022e+03 3.949621789103716085e-01 7.489086199818802997e+06 5.123159226228201296e+05 2.939016110905929963e+03 8.004341138552529737e+06
2.136824120603015217e+03 3.996596564112497862e-01 7.488904867806503549e+06 5.001083135074368911e+05 2.939016110905929963e+03 7.991952197424846701e+06
2.161939698492462412e+03 4.043571339121279640e-01 7.488721398326081224e+06 4.879938608250843827e+05 2.939016110905929963e+03 7.979654275262071751e+06
2.187055276381909607e+03 4.090546114130060862e-01 7.488535791604778729e+06 4.760603546360822511e+05 2.939016110905929963e+03 7.967535162351767533e+06
2.212170854271356802e+03 4.137520889138842639e-01 7.488348047872438096e+06 4.644375769804166630e+05 2.939016110905929963e+03 7.955724640963761136e+06
2.237286432160803997e+03 4.184495664147624416e-01 7.488158167361562140e+06 4.532329835442197509e+05 2.939016110905929963e+03 7.944330167016688734e+06
2.262402010050251192e+03 4.231470439156406194e-01 7.487966150307282805e+06 4.425002377706774860e+05 2.939016110905929963e+03 7.933405404188866727e+06
2.287517587939698842e+03 4.278445214165189081e-01 7.487771996947378851e+06 4.322550634025753825e+05 2.939016110905929963e+03 7.922966076460860670e+06
2.312633165829146037e+03 4.325419989173970303e-01 7.487575707522240467e+06 4.225069988490833784e+05 2.939016110905929963e+03 7.913021722482230514e+06
2.337748743718593232e+03 4.372394764182752080e-01 7.487377282274910249e+06 4.132286565245082602e+05 2.939016110905929963e+03 7.903544954910324886e+06
2.362864321608040427e+03 4.419369539191533858e-01 7.487176721451076679e+06 4.043492685175972292e+05 2.939016110905929963e+03 7.894465006079580635e+06
2.387979899497487622e+03 4.466344314200315635e-01 7.486974025299022906e+06 3.958030533315415960e+05 2.939016110905929963e+03 7.885716094741471112e+06
2.413095477386934817e+03 4.513319089209097412e-01 7.486769194069697522e+06 3.875310967354524182e+05 2.939016110905929963e+03 7.877239306916056201e+06
2.438211055276382012e+03 4.560293864217879189e-01 7.486562228016683832e+06 3.794777466171159176e+05 2.939016110905929963e+03 7.868978990744706243e+06
2.463326633165829207e+03 4.607268639226660967e-01 7.486353127396159805e+06 3.715932566715829307e+05 2.939016110905929963e+03 7.860885400178649463e+06
2.488442211055276402e+03 4.654243414235442744e-01 7.486141892466981895e+06 3.638349814924005186e+05 2.939016110905929963e+03 7.852915890070288442e+06
2.513557788944723598e+03 4.701218189244223966e-01 7.485928523490591906e+06 3.561950573091333499e+05 2.939016110905929963e+03 7.845062596910631284e+06
2.538673366834170793e+03 4.748192964253005743e-01 7.485713020731083117e+06 3.487035225658310810e+05 2.939016110905929963e+03 7.837355559407820925e+06
2.563788944723618442e+03 4.795167739261788631e-01 7.485495384455206804e+06 3.413884847484542988e+05 2.939016110905929963e+03 7.829822885314567015e+06
2.588904522613065637e+03 4.842142514270570408e-01 7.485275614932280965e+06 3.342735818799916888e+05 2.939016110905929963e+03 7.822488212923179381e+06
2.614020100502512832e+03 4.889117289279352185e-01 7.485053712434288114e+06 3.273756677567917504e+05 2.939016110905929963e+03 7.815368396301986650e+06
2.639135678391960028e+03 4.936092064288133408e-01 7.484829677235830575e+06 3.207063111410344718e+05 2.939016110905929963e+03 7.808475004487771541e+06
2.664251256281407223e+03 4.983066839296915185e-01 7.484603509614151902e+06 3.142746906893642736e+05 2.939016110905929963e+03 7.801817216414422728e+06
2.689366834170854418e+03 5.030041614305696962e-01 7.484375209849070758e+06 3.080869412241409882e+05 2.939016110905929963e+03 7.795401167184118181e+06
2.714482412060301613e+03 5.077016389314479294e-01 7.484144778223095462e+06 3.021263630546312779e+05 2.939016110905929963e+03 7.789210157388633117e+06
2.739597989949748808e+03 5.123991164323260517e-01 7.483912215021319687e+06 2.963577379386630491e+05 2.939016110905929963e+03 7.783208969070889056e+06
2.764713567839196003e+03 5.170965939332041739e-01 7.483677520531455986e+06 2.907488331141322269e+05 2.939016110905929963e+03 7.777365369756494649e+06
2.789829145728643198e+03 5.217940714340824071e-01 7.483440695043851621e+06 2.852709330647721654e+05 2.939016110905929963e+03 7.771650644219529815e+06
2.814944723618090393e+03 5.264915489349605293e-01 7.483201738851490431e+06 2.799050338355617714e+05 2.939016110905929963e+03 7.766045788797958754e+06
2.840060301507538043e+03 5.311890264358387626e-01 7.482960652249952778e+06 2.746513540972337942e+05 2.939016110905929963e+03 7.760551022458093241e+06
2.865175879396985238e+03 5.358865039367169958e-01 7.482717435537413694e+06 2.695126207216854673e+05 2.939016110905929963e+03 7.755169072370005772e+06
2.890291457286432433e+03 5.405839814375951180e-01 7.482472089014748111e+06 2.644909567859193194e+05 2.939016110905929963e+03 7.749902061911573634e+06
2.915407035175879628e+03 5.452814589384733512e-01 7.482224612985375337e+06 2.595879536533553037e+05 2.939016110905929963e+03 7.744751582749636844e+06
2.940522613065326823e+03 5.499789364393514735e-01 7.481975007755343802e+06 2.548052667544080468e+05 2.939016110905929963e+03 7.739719290620658547e+06
2.965638190954774018e+03 5.546764139402297067e-01 7.481723273633355275e+06 2.501447795885005617e+05 2.939016110905929963e+03 7.734807069332762621e+06
2.990753768844221213e+03 5.593738914411078289e-01 7.481469410930700600e+06 2.456078820005359885e+05 2.939016110905929963e+03 7.730016309042142704e+06
3.015869346733668408e+03 5.640713689419860621e-01 7.481213419961274602e+06 2.411954706609569839e+05 2.939016110905929963e+03 7.725347906733137555e+06
3.040984924623115603e+03 5.687688464428641844e-01 7.480955301041611470e+06 2.369079938680751657e+05 2.939016110905929963e+03 7.720802311020593159e+06
3.066100502512562798e+03 5.734663239437423066e-01 7.480695054490835406e+06 2.327427295249251765e+05 2.939016110905929963e+03 7.716376800126667134e+06
3.091216080402010448e+03 5.781638014446206508e-01 7.480432680630700663e+06 2.286904875121541554e+05 2.939016110905929963e+03 7.712062184253761545e+06
3.116331658291457643e+03 5.828612789454987730e-01 7.480168179785570130e+06 2.247419094346667989e+05 2.939016110905929963e+03 7.707849105331143364e+06
3.141447236180904838e+03 5.875587564463770063e-01 7.479901552282407880e+06 2.208884296302272123e+05 2.939016110905929963e+03 7.703728998023541644e+06
3.166562814070352033e+03 5.922562339472551285e-01 7.479632798450799659e+06 2.171222108651943272e+05 2.939016110905929963e+03 7.699694025426900014e+06
3.191678391959799228e+03 5.969537114481332507e-01 7.479361918622925878e+06 2.134361679722012195e+05 2.939016110905929963e+03 7.695737102706033736e+06
3.216793969849246423e+03 6.016511889490114839e-01 7.479088913133598864e+06 2.098268900357813691e+05 2.939016110905929963e+03 7.691854819280286320e+06
3.241909547738693618e+03 6.063486664498896062e-01 7.478813782320202328e+06 2.062950411695775110e+05 2.939016110905929963e+03 7.688047839600685984e+06
3.267025125628140813e+03 6.110461439507678394e-01 7.478536526522766799e+06 2.028413012510700210e+05 2.939016110905929963e+03 7.684316843884742819e+06
3.292140703517588008e+03 6.157436214516459616e-01 7.478257146083902568e+06 1.994661105737810431e+05 2.939016110905929963e+03 7.680662272768589668e+06
3.317256281407035203e+03 6.204410989525241948e-01 7.477975641348815523e+06 1.961696930426449981e+05 2.939016110905929963e+03 7.677084350502367131e+06
3.342371859296482398e+03 6.251385764534023171e-01 7.477692012665351853e+06 1.929520777596489061e+05 2.939016110905929963e+03 7.673583106535906903e+06
3.367487437185930048e+03 6.298360539542805503e-01 7.477406260383919813e+06 1.898127200382070441e+05 2.939016110905929963e+03 7.670157996533033438e+06
3.392603015075377243e+03 6.345335314551587835e-01 7.477118384857565165e+06 1.867487679895196052e+05 2.939016110905929963e+03 7.666806168957991526e+06
3.417718592964824438e+03 6.392310089560369057e-01 7.476828386441915296e+06 1.837567565593656618e+05 2.939016110905929963e+03 7.663524159112187102e+06
3.442834170854271633e+03 6.439284864569151390e-01 7.476536265495181084e+06 1.808334283465179906e+05 2.939016110905929963e+03 7.660308709952605888e+06
3.467949748743718828e+03 6.486259639577932612e-01 7.476242022378216498e+06 1.779757206021160528e+05 2.939016110905929963e+03 7.657156759091238491e+06
3.493065326633166023e+03 6.533234414586713834e-01 7.475945657454423606e+06 1.751807523914680060e+05 2.939016110905929963e+03 7.654065425956797786e+06
3.518180904522613218e+03 6.580209189595496166e-01 7.475647171089849435e+06 1.724458127119638375e+05 2.939016110905929963e+03 7.651031999912719242e+06
3.543296482412060413e+03 6.627183964604277389e-01 7.475346563653093763e+06 1.697683606371764909e+05 2.939016110905929963e+03 7.648053940401176922e+06
3.568412060301507609e+03 6.674158739613059721e-01 7.475043835515389219e+06 1.671465107052132080e+05 2.939016110905929963e+03 7.645129362331508659e+06
3.593527638190954804e+03 6.721133514621840943e-01 7.474738987050522119e+06 1.645791591612687916e+05 2.939016110905929963e+03 7.642257162322697230e+06
3.618643216080402453e+03 6.768108289630623275e-01 7.474432018634927459e+06 1.620652633144389256e+05 2.939016110905929963e+03 7.639436298060272820e+06
3.643758793969849648e+03 6.815083064639405608e-01 7.474122930647562258e+06 1.596037865364383324e+05 2.939016110905929963e+03 7.636665733294907026e+06
3.668874371859296843e+03 6.862057839648186830e-01 7.473811723470044322e+06 1.571936996009374561e+05 2.939016110905929963e+03 7.633944439181888476e+06
3.693989949748744039e+03 6.909032614656969162e-01 7.473498397486535832e+06 1.548339818831312296e+05 2.939016110905929963e+03 7.631271395480573177e+06
3.719105527638191234e+03 6.956007389665750384e-01 7.473182953083804809e+06 1.525236224302155606e+05 2.939016110905929963e+03 7.628645591624926776e+06
3.744221105527638429e+03 7.002982164674532717e-01 7.472865390651203692e+06 1.502616209127159964e+05 2.939016110905929963e+03 7.626066027674825862e+06
3.769336683417085624e+03 7.049956939683313939e-01 7.472545710580674931e+06 1.480469826928070397e+05 2.939016110905929963e+03 7.623531709384388290e+06
3.794452261306532819e+03 7.096931714692096271e-01 7.472223913266734220e+06 1.458785450639837654e+05 2.939016110905929963e+03 7.621041474441624247e+06
3.819567839195980014e+03 7.143906489700877493e-01 7.471899999106512405e+06 1.437549664991472964e+05 2.939016110905929963e+03 7.618593981716565788e+06
3.844683417085427209e+03 7.190881264709658716e-01 7.471573968499682844e+06 1.416749439354660281e+05 2.939016110905929963e+03 7.616187928546055220e+06
3.869798994974874404e+03 7.237856039718441048e-01 7.471245821848558262e+06 1.396372235502678377e+05 2.939016110905929963e+03 7.613822061509732157e+06
3.894914572864322054e+03 7.284830814727223380e-01 7.470915559557963163e+06 1.376405985043223482e+05 2.939016110905929963e+03 7.611495174173192121e+06
3.920030150753769249e+03 7.331805589736004602e-01 7.470583182035357691e+06 1.356839068053769297e+05 2.939016110905929963e+03 7.609206104951640591e+06
3.945145728643216444e+03 7.378780364744786935e-01 7.470248689690763131e+06 1.337660292846762168e+05 2.939016110905929963e+03 7.606953735086346045e+06
3.970261306532663639e+03 7.425755139753568157e-01 7.469912082936781459e+06 1.318858876796943950e+05 2.939016110905929963e+03 7.604736986727382056e+06
3.995376884422110834e+03 7.472729914762350489e-01 7.469573362188584171e+06 1.300424428167504957e+05 2.939016110905929963e+03 7.602554821116240695e+06
4.020492462311558029e+03 7.519704689771131711e-01 7.469232527863933705e+06 1.282346928876104212e+05 2.939016110905929963e+03 7.600406236862450838e+06
4.045608040201005224e+03 7.566679464779914044e-01 7.468889580383154564e+06 1.264616724966424226e+05 2.939016110905929963e+03 7.598290268990702927e+06
4.070723618090452419e+03 7.613654239788695266e-01 7.468544520169153810e+06 1.247224868488070788e+05 2.939016110905929963e+03 7.596206023128867149e+06
4.095839195979899614e+03 7.660629014797477598e-01 7.468197347647408023e+06 1.230163238550185342e+05 2.939016110905929963e+03 7.594152687613332644e+06
4.120954773869347264e+03 7.707603789806259931e-01 7.467848063245969824e+06 1.213423990340456512e+05 2.939016110905929963e+03 7.592129478390921839e+06
4.146070351758794459e+03 7.754578564815041153e-01 7.467496667395461351e+06 1.196999500712494046e+05 2.939016110905929963e+03 7.590135633577616885e+06
4.171185929648241654e+03 7.801553339823823485e-01 7.467143160529066809e+06 1.180882360978449433e+05 2.939016110905929963e+03 7.588170412737818435e+06
4.196301507537688849e+03 7.848528114832604707e-01 7.466787543082548305e+06 1.165065369964776473e+05 2.939016110905929963e+03 7.586233096189931966e+06
4.221417085427136044e+03 7.895502889841387040e-01 7.466429815494245850e+06 1.149541527320533060e+05 2.939016110905929963e+03 7.584322984337205067e+06
4.246532663316583239e+03 7.942477664850168262e-01 7.466069978205041029e+06 1.134304027068134164e+05 2.939016110905929963e+03 7.582439397022760473e+06
4.271648241206030434e+03 7.989452439858949484e-01 7.465708031658402644e+06 1.119346251386879449e+05 2.939016110905929963e+03 7.580581672907996923e+06
4.296763819095477629e+03 8.036427214867731816e-01 7.465343976300345734e+06 1.104661764619986789e+05 2.939016110905929963e+03 7.578749168873250484e+06
4.321879396984924824e+03 8.083401989876513039e-01 7.464977812579459511e+06 1.090244307496274268e+05 2.939016110905929963e+03 7.576941259439993650e+06
4.346994974874372019e+03 8.130376764885295371e-01 7.464609540946886875e+06 1.076087791558030440e+05 2.939016110905929963e+03 7.575157336213596165e+06
4.372110552763819214e+03 8.177351539894076593e-01 7.464239161856352352e+06 1.062186293786923488e+05 2.939016110905929963e+03 7.573396807345950976e+06
4.397226130653266409e+03 8.224326314902858925e-01 7.463866675764114596e+06 1.048534051420218893e+05 2.939016110905929963e+03 7.571659097017043270e+06
4.422341708542713604e+03 8.271301089911640148e-01 7.463492083129002713e+06 1.035125449198524439e+05 2.939016110905929963e+03 7.569943644159761257e+06
4.447457286432160799e+03 8.318275864920421370e-01 7.463115384412405081e+06 1.021954951168820116e+05 2.939016110905929963e+03 7.568249895640193485e+06
4.472572864321607994e+03 8.365250639929203702e-01 7.462736580078244209e+06 1.009017135078848369e+05 2.939016110905929963e+03 7.566577309697035700e+06
4.497688442211055190e+03 8.412225414937984924e-01 7.462355670593029819e+06 9.963067290021547524e+04 2.939016110905929963e+03 7.564925359604151919e+06
4.522804020100502385e+03 8.459200189946767257e-01 7.461972656425813213e+06 9.838186068204321782e+04 2.939016110905929963e+03 7.563293533218762837e+06
4.547919597989949580e+03 8.506174964955548479e-01 7.461587538048191927e+06 9.715477834628513665e+04 2.939016110905929963e+03 7.561681332505383529e+06
4.573035175879397684e+03 8.553149739964331921e-01 7.461200315934309736e+06 9.594894103245217411e+04 2.939016110905929963e+03 7.560088273077668622e+06
4.598150753768844879e+03 8.600124514973114254e-01 7.460810990560870618e+06 9.476387708564344211e+04 2.939016110905929963e+03 7.558513883757420816e+06
4.623266331658292074e+03 8.647099289981895476e-01 7.460419562407133169e+06 9.359912763196387095e+04 2.939016110905929963e+03 7.556957706150003709e+06
4.648381909547739269e+03 8.694074064990677808e-01 7.460026031954888254e+06 9.245424616967259499e+04 2.939016110905929963e+03 7.555419294235466979e+06
4.673497487437186464e+03 8.741048839999459030e-01 7.459630399688479491e+06 9.132879817540322256e+04 2.939016110905929963e+03 7.553898213974788785e+06
4.698613065326633659e+03 8.788023615008240252e-01 7.459232666094779037e+06 9.022236072482576128e+04 2.939016110905929963e+03 7.552394042930510826e+06
4.723728643216080854e+03 8.834998390017022585e-01 7.458832831663246267e+06 8.913452212715354108e+04 2.939016110905929963e+03 7.550906369901305996e+06
4.748844221105528050e+03 8.881973165025803807e-01 7.458430896885838360e+06 8.806488157291983953e+04 2.939016110905929963e+03 7.549434794569664635e+06
4.773959798994975245e+03 8.928947940034586139e-01 7.458026862257068045e+06 8.701304879448187421e+04 2.939016110905929963e+03 7.547978927162456326e+06
4.799075376884422440e+03 8.975922715043367361e-01 7.457620728274003603e+06 8.597864373873114528e+04 2.939016110905929963e+03 7.546538388123640791e+06
4.824190954773869635e+03 9.022897490052149694e-01 7.457212495436213911e+06 8.496129625151220534e+04 2.939016110905929963e+03 7.545112807798632421e+06
4.849306532663316830e+03 9.069872265060930916e-01 7.456802164245841093e+06 8.396064577327744337e+04 2.939016110905929963e+03 7.543701826130025089e+06
4.874422110552764025e+03 9.116847040069713248e-01 7.456389735207558610e+06 8.297634104552441568e+04 2.939016110905929963e+03 7.542305092363988981e+06
4.899537688442211220e+03 9.163821815078494470e-01 7.455975208828546107e+06 8.200803982758350321e+04 2.939016110905929963e+03 7.540922264767035842e+06
4.924653266331658415e+03 9.210796590087275693e-01 7.455558585618552752e+06 8.105540862334280973e+04 2.939016110905929963e+03 7.539553010352801532e+06
4.949768844221105610e+03 9.257771365096058025e-01 7.455139866089832038e+06 8.011812242926470935e+04 2.939016110905929963e+03 7.538197004630003124e+06
4.974884422110552805e+03 9.304746140104839247e-01 7.454719050757182762e+06 7.919586457468476146e+04 2.939016110905929963e+03 7.536853931442773901e+06
5.000000000000000000e+03 9.351720915113621579e-01 7.454296140137930401e+06 7.828832641791897186e+04 2.939016110905929963e+03 7.535523482666756026e+06
