2.000000000000000000e+00 1.689684058628335497e-02
2.711557788944723768e+01 4.161962912291113093e-02
5.223115577889447536e+01 5.402728176863094700e-02
7.734673366834171304e+01 5.879000887815444276e-02
1.024623115577889507e+02 5.877952264348181716e-02
1.275778894472361884e+02 5.599485379999939033e-02
1.526934673366834261e+02 5.192139337908319163e-02
1.778090452261306496e+02 4.762231092167155261e-02
2.029246231155779014e+02 4.372384432685889888e-02
2.280402010050251533e+02 4.054570362849585496e-02
2.531557788944723768e+02 3.811459920565674064e-02
2.782713567839196003e+02 3.632964710657921037e-02
3.033869346733668522e+02 3.500096919272386448e-02
3.285025125628141041e+02 3.392014377205042341e-02
3.536180904522612991e+02 3.290332873808541475e-02
3.787336683417085510e+02 3.182320410971364866e-02
4.038492462311558029e+02 3.062545977599812758e-02
4.289648241206030548e+02 2.932594375463872666e-02
4.540804020100503067e+02 2.799038493419401044e-02
4.791959798994975017e+02 2.670526706180734525e-02
5.043115577889447536e+02 2.554944435628711194e-02
5.294271356783920055e+02 2.457541747974447549e-02
5.545427135678392006e+02 2.380200772577134583e-02
5.796582914572865093e+02 2.321668806817790004e-02
6.047738693467337043e+02 2.278354760902030762e-02
6.298894472361808994e+02 2.245289307570882964e-02
6.550050251256282081e+02 2.217123320978500040e-02
6.801206030150754032e+02 2.189081957821654642e-02
7.052361809045225982e+02 2.157798912344675857e-02
7.303517587939699069e+02 2.121801812979965535e-02
7.554673366834171020e+02 2.081530541696613792e-02
7.805829145728644107e+02 2.038884751471458506e-02
8.056984924623116058e+02 1.996482162605446239e-02
8.308140703517588008e+02 1.956907606287855428e-02
8.559296482412061096e+02 1.922132483846378942e-02
8.810452261306533046e+02 1.893181184609771944e-02
9.061608040201006133e+02 1.870103620680758222e-02
9.312763819095478084e+02 1.852136301880434252e-02
9.563919597989950034e+02 1.837906684338451793e-02
9.815075376884423122e+02 1.825863370197754534e-02
1.006623115577889507e+03 1.814477287438198694e-02
1.031738693467336816e+03 1.802448468353644653e-02
1.056854271356784011e+03 1.788937802624033027e-02
1.081969849246231206e+03 1.773795342112091319e-02
1.107085427135678401e+03 1.757447378035088478e-02
1.132201005025125596e+03 1.740653682711997691e-02
1.157316582914573019e+03 1.724285152982339350e-02
1.182432160804020214e+03 1.709068710092275997e-02
1.207547738693467409e+03 1.695499231301036969e-02
1.232663316582914604e+03 1.683811821693233929e-02
1.257778894472361799e+03 1.673970884000964415e-02
1.282894472361809221e+03 1.665744924868539645e-02
1.308010050251256416e+03 1.658677442670694266e-02
1.333125628140703611e+03 1.652271020060336326e-02
1.358241206030150806e+03 1.646026343529984753e-02
1.383356783919598001e+03 1.639598712578520245e-02
1.408472361809045196e+03 1.632784176680628432e-02
1.433587939698492619e+03 1.625570693461680233e-02
1.458703517587939814e+03 1.618051909330770269e-02
1.483819095477387009e+03 1.610456685182002495e-02
1.508934673366834204e+03 1.603027640543405394e-02
1.534050251256281399e+03 1.596021670991927197e-02
1.559165829145728821e+03 1.589621246146328409e-02
1.584281407035176017e+03 1.583883549817191941e-02
1.609396984924623212e+03 1.578802524851007777e-02
1.634512562814070407e+03 1.574260855888640412e-02
1.659628140703517602e+03 1.570127283952717223e-02
1.684743718592965024e+03 1.566245797716814964e-02
1.709859296482412219e+03 1.562472804598310366e-02
1.734974874371859414e+03 1.558702838987281215e-02
1.760090452261306609e+03 1.554858736034329947e-02
1.785206030150753804e+03 1.550929259088407175e-02
1.810321608040201227e+03 1.546967449436612539e-02
1.835437185929648422e+03 1.543030574643458261e-02
1.860552763819095617e+03 1.539194697769710393e-02
1.885668341708542812e+03 1.535526990331674557e-02
1.910783919597990007e+03 1.532071887072250505e-02
1.935899497487437202e+03 1.528857091152955629e-02
1.961015075376884624e+03 1.525891034376848469e-02
1.986130653266331819e+03 1.523132801696427778e-02
2.011246231155779014e+03 1.520536274766948366e-02
2.036361809045226209e+03 1.518057058243225434e-02
2.061477386934673632e+03 1.515650199790754757e-02
2.086592964824120827e+03 1.513277705510477147e-02
2.111708542713568022e+03 1.510922788709916954e-02
2.136824120603015217e+03 1.508584216033692117e-02
2.161939698492462412e+03 1.506262824362862053e-02
2.187055276381909607e+03 1.503975185248265616e-02
2.212170854271356802e+03 1.501745796769838985e-02
2.237286432160803997e+03 1.499594942620323564e-02
2.262402010050251192e+03 1.497532752512220275e-02
2.287517587939698842e+03 1.495562194549980746e-02
2.312633165829146037e+03 1.493685069276928269e-02
2.337748743718593232e+03 1.491896206978352013e-02
2.362864321608040427e+03 1.490182249343211494e-02
2.387979899497487622e+03 1.488530779311095578e-02
2.413095477386934817e+03 1.486930676107249029e-02
2.438211055276382012e+03 1.485371434724453918e-02
2.463326633165829207e+03 1.483843664953392490e-02
2.488442211055276402e+03 1.482339316971573000e-02
2.513557788944723598e+03 1.480856906440093483e-02
2.538673366834170793e+03 1.479402103553150924e-02
2.563788944723618442e+03 1.477980214012161210e-02
2.588904522613065637e+03 1.476595699850153168e-02
2.614020100502512832e+03 1.475251742490242199e-02
2.639135678391960028e+03 1.473950525737567976e-02
2.664251256281407223e+03 1.472693782234473989e-02
2.689366834170854418e+03 1.471482670060748725e-02
2.714482412060301613e+03 1.470314036987369240e-02
2.739597989949748808e+03 1.469181235169996977e-02
2.764713567839196003e+03 1.468078180312716759e-02
2.789829145728643198e+03 1.466999452045697483e-02
2.814944723618090393e+03 1.465941463182243373e-02
2.840060301507538043e+03 1.464904255055074489e-02
2.865175879396985238e+03 1.463888342452770996e-02
2.890291457286432433e+03 1.462894126190336999e-02
2.915407035175879628e+03 1.461921906715449304e-02
2.940522613065326823e+03 1.460971996569753774e-02
2.965638190954774018e+03 1.460044751346368727e-02
2.990753768844221213e+03 1.459140433455233254e-02
3.015869346733668408e+03 1.458259212213728652e-02
3.040984924623115603e+03 1.457401172303702044e-02
3.066100502512562798e+03 1.456565799954426428e-02
3.091216080402010448e+03 1.455751360472892601e-02
3.116331658291457643e+03 1.454956087402363603e-02
3.141447236180904838e+03 1.454178363925161775e-02
3.166562814070352033e+03 1.453416710724410137e-02
3.191678391959799228e+03 1.452669790445947073e-02
3.216793969849246423e+03 1.451936959298616263e-02
3.241909547738693618e+03 1.451218342706132695e-02
3.267025125628140813e+03 1.450514069068337998e-02
3.292140703517588008e+03 1.449824221560994629e-02
3.317256281407035203e+03 1.449148842514213185e-02
3.342371859296482398e+03 1.448487937487030058e-02
3.367487437185930048e+03 1.447841403728960565e-02
3.392603015075377243e+03 1.447208702975794764e-02
3.417718592964824438e+03 1.446589181220917127e-02
3.442834170854271633e+03 1.445982223655384313e-02
3.467949748743718828e+03 1.445387252213900346e-02
3.493065326633166023e+03 1.444803723151424045e-02
3.518180904522613218e+03 1.444231124800288146e-02
3.543296482412060413e+03 1.443668977597384502e-02
3.568412060301507609e+03 1.443116925707499387e-02
3.593527638190954804e+03 1.442574760853212491e-02
3.618643216080402453e+03 1.442042286284203091e-02
3.643758793969849648e+03 1.441519306395024590e-02
3.668874371859296843e+03 1.441005626977947054e-02
3.693989949748744039e+03 1.440501055449369509e-02
3.719105527638191234e+03 1.440005401051898913e-02
3.744221105527638429e+03 1.439518475033919713e-02
3.769336683417085624e+03 1.439040089718678257e-02
3.794452261306532819e+03 1.438570025704771944e-02
3.819567839195980014e+03 1.438108029836594748e-02
3.844683417085427209e+03 1.437653856219647981e-02
3.869798994974874404e+03 1.437207268254647209e-02
3.894914572864322054e+03 1.436768038211514061e-02
3.920030150753769249e+03 1.436335946826113388e-02
3.945145728643216444e+03 1.435910782918282599e-02
3.970261306532663639e+03 1.435492343029924796e-02
3.995376884422110834e+03 1.435080431081952983e-02
4.020492462311558029e+03 1.434674858048979804e-02
4.045608040201005224e+03 1.434275441779450308e-02
4.070723618090452419e+03 1.433882013449071582e-02
4.095839195979899614e+03 1.433494419845852269e-02
4.120954773869347264e+03 1.433112512969626773e-02
4.146070351758794459e+03 1.432736149004944573e-02
4.171185929648241654e+03 1.432365188185021933e-02
4.196301507537688849e+03 1.431999494660660642e-02
4.221417085427136044e+03 1.431638936373936730e-02
4.246532663316583239e+03 1.431283384936453407e-02
4.271648241206030434e+03 1.430932715512006626e-02
4.296763819095477629e+03 1.430586806703451966e-02
4.321879396984924824e+03 1.430245540443637713e-02
4.346994974874372019e+03 1.429908801890218163e-02
4.372110552763819214e+03 1.429576479324217754e-02
4.397226130653266409e+03 1.429248464052170278e-02
4.422341708542713604e+03 1.428924650165410565e-02
4.447457286432160799e+03 1.428604933252767759e-02
4.472572864321607994e+03 1.428289211049797031e-02
4.497688442211055190e+03 1.427977384130136099e-02
4.522804020100502385e+03 1.427669355820219803e-02
4.547919597989949580e+03 1.427365032109416572e-02
4.573035175879397684e+03 1.427064321563546560e-02
4.598150753768844879e+03 1.426767135241638514e-02
4.623266331658292074e+03 1.426473386615783115e-02
4.648381909547739269e+03 1.426182991493953403e-02
4.673497487437186464e+03 1.425895867945677076e-02
4.698613065326633659e+03 1.425611936230426931e-02
4.723728643216080854e+03 1.425331118728640455e-02
4.748844221105528050e+03 1.425053339875216596e-02
4.773959798994975245e+03 1.424778526095442019e-02
4.799075376884422440e+03 1.424506605743211009e-02
4.824190954773869635e+03 1.424237509041445353e-02
4.849306532663316830e+03 1.423971168024658514e-02
4.874422110552764025e+03 1.423707516483534163e-02
4.899537688442211220e+03 1.423446489911461832e-02
4.924653266331658415e+03 1.423188025452963926e-02
4.949768844221105610e+03 1.422932061856119201e-02
4.974884422110552805e+03 1.422678539442423333e-02
5.000000000000000000e+03 1.422427400049423862e-02
