2.000000000000000000e+00 3.740688366045448335e-04 4.145297082847022102e+04 1.977417442944245704e+04 2.853024651748780525e+04
4.238383838383838054e+01 7.927236557538738099e-03 9.025882707654104161e+04 4.307146747941343347e+04 6.225033452991836384e+04
8.276767676767676107e+01 1.548040427847293017e-02 1.031743366296597233e+05 4.923663768807256565e+04 7.117369234671241429e+04
1.231515151515151416e+02 2.303357199940712224e-02 9.952078772410612146e+04 4.749262977450484323e+04 6.864944628028146690e+04
1.635353535353535221e+02 3.058673972034131605e-02 8.991671492936943832e+04 4.290816152473248803e+04 6.201396839274596277e+04
2.039191919191919169e+02 3.813990744127550986e-02 8.046695435358343821e+04 3.839735363587692700e+04 5.548510520279843331e+04
2.443030303030302832e+02 4.569307516220970367e-02 7.360529803512159560e+04 3.512196764025248558e+04 5.074436971004229417e+04
2.846868686868686495e+02 5.324624288314389053e-02 6.931219081250671297e+04 3.307266895462274988e+04 4.777825120455869182e+04
3.250707070707070443e+02 6.079941060407809128e-02 6.654083677341023576e+04 3.174977346302682417e+04 4.586351577533174714e+04
3.654545454545454390e+02 6.835257832501227815e-02 6.412243964061985025e+04 3.059536063134836513e+04 4.419263915445646126e+04
4.058383838383838338e+02 7.590574604594647889e-02 6.136987194039009773e+04 2.928143272838953999e+04 4.229088325368605001e+04
4.462222222222221717e+02 8.345891376688066576e-02 5.827059227404331614e+04 2.780200316436972571e+04 4.014958318934222189e+04
4.866060606060605664e+02 9.101208148781485263e-02 5.525810245954119455e+04 2.636400241171860398e+04 3.806824645046312071e+04
5.269898989898989612e+02 9.856524920874905338e-02 5.279010184955238947e+04 2.518591154561092844e+04 3.636309866326813062e+04
5.673737373737372991e+02 1.061184169296832402e-01 5.106274701392664429e+04 2.436136517145633115e+04 3.516966489192025620e+04
6.077575757575757507e+02 1.136715846506174410e-01 4.997644749349892663e+04 2.384282415582877002e+04 3.441913783937761764e+04
6.481414141414140886e+02 1.212247523715516279e-01 4.925206378013843641e+04 2.349704229790977479e+04 3.391865932210436586e+04
6.885252525252524265e+02 1.287779200924858147e-01 4.858350017042352556e+04 2.317790595781758020e+04 3.345674705389398878e+04
7.289090909090908781e+02 1.363310878134200155e-01 4.777507352178227302e+04 2.279200651888405264e+04 3.289820306267256092e+04
7.692929292929292160e+02 1.438842555343542162e-01 4.680985164604367310e+04 2.233126146437609714e+04 3.223132885733135481e+04
8.096767676767676676e+02 1.514374232552884170e-01 4.580906040928497532e+04 2.185353750833891536e+04 3.153987969159918066e+04
8.500606060606060055e+02 1.589905909762225900e-01 4.492535220061967993e+04 2.143170269812074548e+04 3.092932348248281414e+04
8.904444444444443434e+02 1.665437586971567907e-01 4.425106368177682452e+04 2.110983359405531519e+04 3.046345586025353987e+04
9.308282828282827950e+02 1.740969264180909915e-01 4.378723716611068085e+04 2.088842774052624372e+04 3.014299696181181571e+04
9.712121212121211329e+02 1.816500941390251644e-01 4.346475416447856696e+04 2.073449168509734955e+04 2.992019265033173360e+04
1.011595959595959471e+03 1.892032618599593652e-01 4.319082978201831429e+04 2.060373490502424465e+04 2.973093761015044947e+04
1.051979797979797922e+03 1.967564295808935659e-01 4.288693799228294665e+04 2.045867329510269337e+04 2.952097801341586091e+04
1.092363636363636260e+03 2.043095973018277389e-01 4.252351041598610027e+04 2.028519250000316606e+04 2.926988499300894182e+04
1.132747474747474598e+03 2.118627650227619397e-01 4.212636634918573691e+04 2.009561726418971011e+04 2.899549716507993799e+04
1.173131313131312936e+03 2.194159327436961127e-01 4.174496695187759906e+04 1.991355768750682910e+04 2.873198736863770682e+04
1.213515151515151501e+03 2.269691004646303412e-01 4.141859253765326139e+04 1.975776408082263879e+04 2.850649447047581998e+04
1.253898989898989839e+03 2.345222681855645419e-01 4.116242930911525764e+04 1.963548552118538646e+04 2.832951065591173028e+04
1.294282828282828177e+03 2.420754359064987149e-01 4.096776379313042708e+04 1.954256266476482051e+04 2.819501576458906857e+04
1.334666666666666515e+03 2.496286036274329156e-01 4.080824462425437378e+04 1.946641678576407867e+04 2.808480357228924186e+04
1.375050505050504853e+03 2.571817713483670609e-01 4.065454312991201004e+04 1.939304795195626866e+04 2.797861082585890836e+04
1.415434343434343418e+03 2.647349390693012894e-01 4.048883651679875038e+04 1.931394851957677020e+04 2.786412371287763017e+04
1.455818181818181756e+03 2.722881067902355179e-01 4.030892971019028482e+04 1.922807067791084046e+04 2.773982565073447040e+04
1.496202020202020094e+03 2.798412745111696909e-01 4.012491336500228499e+04 1.914023116336490421e+04 2.761268829811993783e+04
1.536585858585858432e+03 2.873944422321038639e-01 3.995180913222803065e+04 1.905760050489158311e+04 2.749309015123354766e+04
1.576969696969696770e+03 2.949476099530380369e-01 3.980116741698082478e+04 1.898569224519778800e+04 2.738901141382425703e+04
1.617353535353535335e+03 3.025007776739722654e-01 3.967507300158896396e+04 1.892550154733527597e+04 2.730189246721100426e+04
1.657737373737373673e+03 3.100539453949064939e-01 3.956765091232991108e+04 1.887422401455748332e+04 2.722767427737159232e+04
1.698121212121212011e+03 3.176071131158406669e-01 3.947010273336155660e+04 1.882765975594955671e+04 2.716027799681980468e+04
1.738505050505050349e+03 3.251602808367748398e-01 3.937437365814827353e+04 1.878196383971952673e+04 2.709413853959702828e+04
1.778888888888888687e+03 3.327134485577090128e-01 3.927579432798721973e+04 1.873490736494406883e+04 2.702602983411009336e+04
1.819272727272727025e+03 3.402666162786431858e-01 3.917530816628163302e+04 1.868694067125832953e+04 2.695660369394525333e+04
1.859656565656565590e+03 3.478197839995774143e-01 3.907665577442508220e+04 1.863984932075561665e+04 2.688844450995037914e+04
1.900040404040403928e+03 3.553729517205116428e-01 3.898400401351336041e+04 1.859562234900483236e+04 2.682443117686652840e+04
1.940424242424242266e+03 3.629261194414458158e-01 3.889982219029276894e+04 1.855543847035136787e+04 2.676626974489375789e+04
1.980808080808080604e+03 3.704792871623799888e-01 3.882445705575398460e+04 1.851946320508450299e+04 2.671419978515779076e+04
2.021191919191918942e+03 3.780324548833141618e-01 3.875541460894572811e+04 1.848650605117241503e+04 2.666649818617068377e+04
2.061575757575757507e+03 3.855856226042483903e-01 3.868996991307495773e+04 1.845526627022240427e+04 2.662128228229446904e+04
2.101959595959595845e+03 3.931387903251825633e-01 3.862577339364818909e+04 1.842462230163241111e+04 2.657692874664170813e+04
2.142343434343434183e+03 4.006919580461167918e-01 3.856205358766051359e+04 1.839420589042067513e+04 2.653290457349496864e+04
2.182727272727272521e+03 4.082451257670509648e-01 3.849899233564949100e+04 1.836410383748811000e+04 2.648933539693597413e+04
2.223111111111110858e+03 4.157982934879851378e-01 3.843780430655431701e+04 1.833489596051254193e+04 2.644706043476935156e+04
2.263494949494949196e+03 4.233514612089193108e-01 3.837959236991795478e+04 1.830710871014795339e+04 2.640684166231764539e+04
2.303878787878787534e+03 4.309046289298534838e-01 3.832468569595341251e+04 1.828089921456509910e+04 2.636890650410336093e+04
2.344262626262625872e+03 4.384577966507877123e-01 3.827302221996810113e+04 1.825623784741497002e+04 2.633321207947533549e+04
2.384646464646464665e+03 4.460109643717219408e-01 3.822391356149224885e+04 1.823279601285341050e+04 2.629928278464726100e+04
2.425030303030303003e+03 4.535641320926561693e-01 3.817664683571752539e+04 1.821023341798181355e+04 2.626662608572402678e+04
2.465414141414141341e+03 4.611172998135903423e-01 3.813060016613304470e+04 1.818825321237222306e+04 2.623481232667068980e+04
2.505797979797979679e+03 4.686704675345245152e-01 3.808530147581614438e+04 1.816663005187015733e+04 2.620351534836198334e+04
2.546181818181818016e+03 4.762236352554586882e-01 3.804082273789224564e+04 1.814539829257801466e+04 2.617278487721007332e+04
2.586565656565656354e+03 4.837768029763929167e-01 3.799748283423718385e+04 1.812471015156729118e+04 2.614284122949961966e+04
2.626949494949494692e+03 4.913299706973270897e-01 3.795550691358466429e+04 1.810467310274442571e+04 2.611383996105324695e+04
2.667333333333333030e+03 4.988831384182612627e-01 3.791502602888651018e+04 1.808534970374613113e+04 2.608587161668275075e+04
2.707717171717171368e+03 5.064363061391954357e-01 3.787608836653759499e+04 1.806676295616788411e+04 2.605896948848876127e+04
2.748101010101009706e+03 5.139894738601296087e-01 3.783842115055237082e+04 1.804878265141255542e+04 2.603294511486134070e+04
2.788484848484848044e+03 5.215426415810637817e-01 3.780165672781246394e+04 1.803123329163838207e+04 2.600754448334257177e+04
2.828868686868686837e+03 5.290958093019980657e-01 3.776554811736287957e+04 1.801399698140962937e+04 2.598259695417357216e+04
2.869252525252525174e+03 5.366489770229322387e-01 3.773008394516350381e+04 1.799706829137079694e+04 2.595809466900162806e+04
2.909636363636363512e+03 5.442021447438664117e-01 3.769529010458836274e+04 1.798045958162718307e+04 2.593405551762355753e+04
2.950020202020201850e+03 5.517553124648005847e-01 3.766118600383064768e+04 1.796418011660725097e+04 2.591049290920848580e+04
2.990404040404040188e+03 5.593084801857348687e-01 3.762779188512178371e+04 1.794823955886451586e+04 2.588742082916471554e+04
3.030787878787878526e+03 5.668616479066690417e-01 3.759512036524684663e+04 1.793264393097417269e+04 2.586484799446055331e+04
3.071171717171716864e+03 5.744148156276032147e-01 3.756316349417726451e+04 1.791738943801980713e+04 2.584276891240141413e+04
3.111555555555555202e+03 5.819679833485373877e-01 3.753183566588807298e+04 1.790243521628537928e+04 2.582112443757076107e+04
3.151939393939393540e+03 5.895211510694715606e-01 3.750103462893383403e+04 1.788773245642560141e+04 2.579984392418948482e+04
3.192323232323231878e+03 5.970743187904057336e-01 3.747067203063729539e+04 1.787323898362025284e+04 2.577886632917217503e+04
3.232707070707070670e+03 6.046274865113400176e-01 3.744069848781974724e+04 1.785893122499356832e+04 2.575815753355725974e+04
3.273090909090909008e+03 6.121806542322741906e-01 3.741111833509774442e+04 1.784481124965854542e+04 2.573772053214216430e+04
3.313474747474747346e+03 6.197338219532083636e-01 3.738193734966853663e+04 1.783088181533869647e+04 2.571755931640687777e+04
3.353858585858585684e+03 6.272869896741425366e-01 3.735315734789754060e+04 1.781714378906928323e+04 2.569767514128283801e+04
3.394242424242424022e+03 6.348401573950767096e-01 3.732476569567961997e+04 1.780359114000741829e+04 2.567805927783521111e+04
3.434626262626262360e+03 6.423933251160109936e-01 3.729672593499980576e+04 1.779020646505594050e+04 2.565868653713037565e+04
3.475010101010100698e+03 6.499464928369451666e-01 3.726900204153387313e+04 1.777697256813835338e+04 2.563953202987275654e+04
3.515393939393939036e+03 6.574996605578793396e-01 3.724156142883747816e+04 1.776387389423722198e+04 2.562057324200651055e+04
3.555777777777777374e+03 6.650528282788135126e-01 3.721437498505449912e+04 1.775089654691686519e+04 2.560179006007752832e+04
3.596161616161615711e+03 6.726059959997476856e-01 3.718742352025522996e+04 1.773803136593606177e+04 2.558316922571544637e+04
3.636545454545454049e+03 6.801591637206818586e-01 3.716069535563913814e+04 1.772527277646303264e+04 2.556470267000778040e+04
3.676929292929292842e+03 6.877123314416161426e-01 3.713417918436453328e+04 1.771261538121915873e+04 2.554638258102936743e+04
3.717313131313131180e+03 6.952654991625503156e-01 3.710786385523866193e+04 1.770005385722424762e+04 2.552820125439326875e+04
3.757696969696969518e+03 7.028186668834844886e-01 3.708173840443331574e+04 1.768758297093592046e+04 2.551015111516318939e+04
3.798080808080807856e+03 7.103718346044186616e-01 3.705579133594148152e+04 1.767519723477815569e+04 2.549222422071917754e+04
3.838464646464646194e+03 7.179250023253528346e-01 3.703000847320386674e+04 1.766288988162339956e+04 2.547441077644097095e+04
3.878848484848484532e+03 7.254781700462870075e-01 3.700437568718015973e+04 1.765065416702706352e+04 2.545670102053934897e+04
3.919232323232322869e+03 7.330313377672212916e-01 3.697887972950553376e+04 1.763848376693169848e+04 2.543908579968592676e+04
3.959616161616161207e+03 7.405845054881554645e-01 3.695350816918393684e+04 1.762637274744783645e+04 2.542155652527451457e+04
4.000000000000000000e+03 7.481376732090897486e-01 3.692824933455478458e+04 1.761431553715189511e+04 2.540410513332561095e+04
