2.000000000000000000e+00 3.740688366045448335e-04 5.395765487778533861e+04 1.492182267348940372e+09 8.951355901636233553e+06
2.711557788944723768e+01 5.071546337482723751e-03 1.326977783842948847e+05 3.670721838423506737e+09 2.204862565110041574e+07
5.223115577889447536e+01 9.769023838360903211e-03 1.722151694060403970e+05 4.764067851265134811e+09 2.862176659828304872e+07
7.734673366834171304e+01 1.446650133923908267e-02 1.873840780538686085e+05 5.183753092634827614e+09 3.114489304917262122e+07
1.024623115577889507e+02 1.916397884011726213e-02 1.873506802269196778e+05 5.182829059443667412e+09 3.113933780834855139e+07
1.275778894472361884e+02 2.386145634099543986e-02 1.784817304991942947e+05 4.937447707785978317e+09 2.966411752921281382e+07
1.526934673366834261e+02 2.855893384187362105e-02 1.655080816663928563e+05 4.578499739395416260e+09 2.750614049246133864e+07
1.778090452261306496e+02 3.325641134275179878e-02 1.518158445160509727e+05 4.199670254246198177e+09 2.522863678221078590e+07
2.029246231155779014e+02 3.795388884362997650e-02 1.393995371603185195e+05 3.856142511381390572e+09 2.316336536163902655e+07
2.280402010050251533e+02 4.265136634450816117e-02 1.292774107367793767e+05 3.576088937992259979e+09 2.147969743855898082e+07
2.531557788944723768e+02 4.734884384538633889e-02 1.215345356873904675e+05 3.361863217510817051e+09 2.019178323875640333e+07
2.782713567839196003e+02 5.204632134626450968e-02 1.158496046155438380e+05 3.204575588950959682e+09 1.924617796866903454e+07
3.033869346733668522e+02 5.674379884714269434e-02 1.116178706878624362e+05 3.087494240774630547e+09 1.854229082332792878e+07
3.285025125628141041e+02 6.144127634802087901e-02 1.081755273216714704e+05 2.992253327927282333e+09 1.796970727088335901e+07
3.536180904522612991e+02 6.613875384889904285e-02 1.049370519676853582e+05 2.902652926068306923e+09 1.743103418530404195e+07
3.787336683417085510e+02 7.083623134977723446e-02 1.014969405694742309e+05 2.807473766115784645e+09 1.685882188814080134e+07
4.038492462311558029e+02 7.553370885065541218e-02 9.768221972492804343e+04 2.701930112609070778e+09 1.622429877978175692e+07
4.289648241206030548e+02 8.023118635153358991e-02 9.354336411529769248e+04 2.587418471999333382e+09 1.553586058640083671e+07
4.540804020100503067e+02 8.492866385241176763e-02 8.928971504507960344e+04 2.469730787395072937e+09 1.482832817711273022e+07
4.791959798994975017e+02 8.962614135328994536e-02 8.519671639963024063e+04 2.356487892713443756e+09 1.414751762010096572e+07
5.043115577889447536e+02 9.432361885416812308e-02 8.151551262079853041e+04 2.254638317881229877e+09 1.353520312595212460e+07
5.294271356783920055e+02 9.902109635504631469e-02 7.841331415948823269e+04 2.168808352111205578e+09 1.301919771149789169e+07
5.545427135678392006e+02 1.037185738559244785e-01 7.595006534519040724e+04 2.100656503010961294e+09 1.260947224061723053e+07
5.796582914572865093e+02 1.084160513568026701e-01 7.408586859159953019e+04 2.049078905528137922e+09 1.229939033242925443e+07
6.047738693467337043e+02 1.131135288576808479e-01 7.270635053281720320e+04 2.010911138623114347e+09 1.206992764764395915e+07
6.298894472361808994e+02 1.178110063585590117e-01 7.165324203122725885e+04 1.981774296550989866e+09 1.189475842633028887e+07
6.550050251256282081e+02 1.225084838594372033e-01 7.075617766501259757e+04 1.956954800053273439e+09 1.174554486831530370e+07
6.801206030150754032e+02 1.272059613603153672e-01 6.986308245652118057e+04 1.932245120085920572e+09 1.159699152172829770e+07
7.052361809045225982e+02 1.319034388611935449e-01 6.886674223346433428e+04 1.904678912344283819e+09 1.143126487459473312e+07
7.303517587939699069e+02 1.366009163620717504e-01 6.772026312749531644e+04 1.872958742391067743e+09 1.124056481667877920e+07
7.554673366834171020e+02 1.412983938629499003e-01 6.643765503095420718e+04 1.837472228425104380e+09 1.102722168899296969e+07
7.805829145728644107e+02 1.459958713638281058e-01 6.507942038667591260e+04 1.799893319635102034e+09 1.080129918942120112e+07
8.056984924623116058e+02 1.506933488647062835e-01 6.372893151307696826e+04 1.762528716680319548e+09 1.057666508569499478e+07
8.308140703517588008e+02 1.553908263655844335e-01 6.246851323641459749e+04 1.727656138767896652e+09 1.036701291052109003e+07
8.559296482412061096e+02 1.600883038664626390e-01 6.136095312767562427e+04 1.697012758788539171e+09 1.018278645948305912e+07
8.810452261306533046e+02 1.647857813673408167e-01 6.043887717569027154e+04 1.671501255129667282e+09 1.002941258940464072e+07
9.061608040201006133e+02 1.694832588682189944e-01 5.970387504140117380e+04 1.651165609678963423e+09 9.907155717170750722e+06
9.312763819095478084e+02 1.741807363690971722e-01 5.913163016727530339e+04 1.635333044944355726e+09 9.811971138516193256e+06
9.563919597989950034e+02 1.788782138699753499e-01 5.867842811806224199e+04 1.622794093340842962e+09 9.736587595473330468e+06
9.815075376884423122e+02 1.835756913708535276e-01 5.829485810068280989e+04 1.612181683505471230e+09 9.672786324130268767e+06
1.006623115577889507e+03 1.882731688717317053e-01 5.793222038228204474e+04 1.602148417308791399e+09 9.612466835060220212e+06
1.031738693467336816e+03 1.929706463726099108e-01 5.754911202096105990e+04 1.591548780326023579e+09 9.548742353461189196e+06
1.056854271356784011e+03 1.976681238734880608e-01 5.711880801758025336e+04 1.579643359592471123e+09 9.477167565975787118e+06
1.081969849246231206e+03 2.023656013743662385e-01 5.663653264272266824e+04 1.566300022784074545e+09 9.396948099752677605e+06
1.107085427135678401e+03 2.070630788752444162e-01 5.611586293404635217e+04 1.551894412108122110e+09 9.310342296748764813e+06
1.132201005025125596e+03 2.117605563761225940e-01 5.558099703819010756e+04 1.537096028927470922e+09 9.221375165306061506e+06
1.157316582914573019e+03 2.164580338770007994e-01 5.505967232976419473e+04 1.522672296069205046e+09 9.134660412658380345e+06
1.182432160804020214e+03 2.211555113778789772e-01 5.457504067475558259e+04 1.509263766963401556e+09 9.054049013639530167e+06
1.207547738693467409e+03 2.258529888787571271e-01 5.414286352194041683e+04 1.497306520934389114e+09 8.982162655098224059e+06
1.232663316582914604e+03 2.305504663796353049e-01 5.377062878206627647e+04 1.487007729486881971e+09 8.920246841645753011e+06
1.257778894472361799e+03 2.352479438805134826e-01 5.345720271034253528e+04 1.478336024777145386e+09 8.868112991391615942e+06
1.282894472361809221e+03 2.399454213813916881e-01 5.319521242672747030e+04 1.471087417908434629e+09 8.824534733402708545e+06
1.308010050251256416e+03 2.446428988822698658e-01 5.297011871599417645e+04 1.464859645659741640e+09 8.787093681533670053e+06
1.333125628140703611e+03 2.493403763831480435e-01 5.276607922957980918e+04 1.459214390414762259e+09 8.753154692437592894e+06
1.358241206030150806e+03 2.540378538840262213e-01 5.256719122771480033e+04 1.453711663685624123e+09 8.720072577572194859e+06
1.383356783919598001e+03 2.587353313849043990e-01 5.236247627243265742e+04 1.448047719929731846e+09 8.686021234093440697e+06
1.408472361809045196e+03 2.634328088857825767e-01 5.214543870102577057e+04 1.442042840629781008e+09 8.649920203362271190e+06
1.433587939698492619e+03 2.681302863866607544e-01 5.191569497339948430e+04 1.435686414203822613e+09 8.611705689084554091e+06
1.458703517587939814e+03 2.728277638875389322e-01 5.167622765351788985e+04 1.429060960634422064e+09 8.571873797223074362e+06
1.483819095477387009e+03 2.775252413884171099e-01 5.143432577960604976e+04 1.422368149127840519e+09 8.531636952849036083e+06
1.508934673366834204e+03 2.822227188892952876e-01 5.119771659148318577e+04 1.415821772817382574e+09 8.492280469470001757e+06
1.534050251256281399e+03 2.869201963901734653e-01 5.097458200982020207e+04 1.409648204702674627e+09 8.455165290113797411e+06
1.559165829145728821e+03 2.916176738910516431e-01 5.077073354746333644e+04 1.404008234609022856e+09 8.421258075080273673e+06
1.584281407035176017e+03 2.963151513919298208e-01 5.058799246349146415e+04 1.398952252157320738e+09 8.390861764222428203e+06
1.609396984924623212e+03 3.010126288928079985e-01 5.042616584236241761e+04 1.394474919863655090e+09 8.363944268856853247e+06
1.634512562814070407e+03 3.057101063936861762e-01 5.028151728279858071e+04 1.390472860978356600e+09 8.339884093191487715e+06
1.659628140703517602e+03 3.104075838945643540e-01 5.014986629032441124e+04 1.386830411818970680e+09 8.317985873015640303e+06
1.684743718592965024e+03 3.151050613954425872e-01 5.002624402775037015e+04 1.383410097258998156e+09 8.297423114819844253e+06
1.709859296482412219e+03 3.198025388963207094e-01 4.990607718504162040e+04 1.380085385405448198e+09 8.277435115261172876e+06
1.734974874371859414e+03 3.245000163971988871e-01 4.978600676604824548e+04 1.376763341351619005e+09 8.257463154379535466e+06
1.760090452261306609e+03 3.291974938980770649e-01 4.966357513142957760e+04 1.373375968448322773e+09 8.237098439758074470e+06
1.785206030150753804e+03 3.338949713989552426e-01 4.953842440274880937e+04 1.369913365106618643e+09 8.216281443544721231e+06
1.810321608040201227e+03 3.385924488998334758e-01 4.941224390299271909e+04 1.366422270610254526e+09 8.195293159950129688e+06
1.835437185929648422e+03 3.432899264007116535e-01 4.928685755873653397e+04 1.362953148382983685e+09 8.174436972526363097e+06
1.860552763819095617e+03 3.479874039015897758e-01 4.916468791822564526e+04 1.359573024192361593e+09 8.154115836798984557e+06
1.885668341708542812e+03 3.526848814024679535e-01 4.904787434105621651e+04 1.356341088694046974e+09 8.134685603997007944e+06
1.910783919597990007e+03 3.573823589033461312e-01 4.893783203859840432e+04 1.353296497198369980e+09 8.116381673866357654e+06
1.935899497487437202e+03 3.620798364042243089e-01 4.883544333460634516e+04 1.350463661366466522e+09 8.099350808079473674e+06
1.961015075376884624e+03 3.667773139051025422e-01 4.874097677532968373e+04 1.347850011192162752e+09 8.083637675383561291e+06
1.986130653266331819e+03 3.714747914059807199e-01 4.865312924890915747e+04 1.345419492874366522e+09 8.069025522149415687e+06
2.011246231155779014e+03 3.761722689068588976e-01 4.857043192258924682e+04 1.343131467534971476e+09 8.055270029496653005e+06
2.036361809045226209e+03 3.808697464077370198e-01 4.849147083978576848e+04 1.340946814580394030e+09 8.042136006394678727e+06
2.061477386934673632e+03 3.855672239086152531e-01 4.841481430424592691e+04 1.338825922605399609e+09 8.029385311078054830e+06
2.086592964824120827e+03 3.902647014094934308e-01 4.833925224037485896e+04 1.336735311886436462e+09 8.016816665141606703e+06
2.111708542713568022e+03 3.949621789103716085e-01 4.826425000531187106e+04 1.334660190211141825e+09 8.004341138552529737e+06
2.136824120603015217e+03 3.996596564112497862e-01 4.818976831766482064e+04 1.332599470762992620e+09 7.991952197424846701e+06
2.161939698492462412e+03 4.043571339121279640e-01 4.811583383143269020e+04 1.330553890990560293e+09 7.979654275262071751e+06
2.187055276381909607e+03 4.090546114130060862e-01 4.804297433738542895e+04 1.328538053526228666e+09 7.967535162351767533e+06
2.212170854271356802e+03 4.137520889138842639e-01 4.797197007996711909e+04 1.326573545755451441e+09 7.955724640963761136e+06
2.237286432160803997e+03 4.184495664147624416e-01 4.790346707872742263e+04 1.324678241401176214e+09 7.944330167016688734e+06
2.262402010050251192e+03 4.231470439156406194e-01 4.783778795698702015e+04 1.322861066632672071e+09 7.933405404188866727e+06
2.287517587939698842e+03 4.278445214165189081e-01 4.777502724652201141e+04 1.321124636904498816e+09 7.922966076460860670e+06
2.312633165829146037e+03 4.325419989173970303e-01 4.771524229321126040e+04 1.319470538831722021e+09 7.913021722482230514e+06
2.337748743718593232e+03 4.372394764182752080e-01 4.765826844573554990e+04 1.317894216929815292e+09 7.903544954910324886e+06
2.362864321608040427e+03 4.419369539191533858e-01 4.760368025246765319e+04 1.316383900030987978e+09 7.894465006079580635e+06
2.387979899497487622e+03 4.466344314200315635e-01 4.755108223986747907e+04 1.314928646385114670e+09 7.885716094741471112e+06
2.413095477386934817e+03 4.513319089209097412e-01 4.750012022006644838e+04 1.313518656511918545e+09 7.877239306916056201e+06
2.438211055276382012e+03 4.560293864217879189e-01 4.745045961690435797e+04 1.312144673537366152e+09 7.868978990744706243e+06
2.463326633165829207e+03 4.607268639226660967e-01 4.740180135965127556e+04 1.310798422932659388e+09 7.860885400178649463e+06
2.488442211055276402e+03 4.654243414235442744e-01 4.735388906783608400e+04 1.309472811300216198e+09 7.852915890070288442e+06
2.513557788944723598e+03 4.701218189244223966e-01 4.730667546644030517e+04 1.308166530660140753e+09 7.845062596910631284e+06
2.538673366834170793e+03 4.748192964253005743e-01 4.726034114665847301e+04 1.306884577512897491e+09 7.837355559407820925e+06
2.563788944723618442e+03 4.795167739261788631e-01 4.721505509087867540e+04 1.305631627172706127e+09 7.829822885314567015e+06
2.588904522613065637e+03 4.842142514270570408e-01 4.717095941131911241e+04 1.304411611524318457e+09 7.822488212923179381e+06
2.614020100502512832e+03 4.889117289279352185e-01 4.712815543378637813e+04 1.303227333995889187e+09 7.815368396301986650e+06
2.639135678391960028e+03 4.936092064288133408e-01 4.708671271074462857e+04 1.302080718927752256e+09 7.808475004487771541e+06
2.664251256281407223e+03 4.983066839296915185e-01 4.704668642548031494e+04 1.300973293101525068e+09 7.801817216414422728e+06
2.689366834170854418e+03 5.030041614305696962e-01 4.700811346191752818e+04 1.299906077001868248e+09 7.795401167184118181e+06
2.714482412060301613e+03 5.077016389314479294e-01 4.697089342405839125e+04 1.298876292926074505e+09 7.789210157388633117e+06
2.739597989949748808e+03 5.123991164323260517e-01 4.693481458332560578e+04 1.297878082881250620e+09 7.783208969070889056e+06
2.764713567839196003e+03 5.170965939332041739e-01 4.689968315971294214e+04 1.296906085465955257e+09 7.777365369756494649e+06
2.789829145728643198e+03 5.217940714340824071e-01 4.686532651873402938e+04 1.295955524321666479e+09 7.771650644219529815e+06
2.814944723618090393e+03 5.264915489349605293e-01 4.683163041133355728e+04 1.295023238466704369e+09 7.766045788797958754e+06
2.840060301507538043e+03 5.311890264358387626e-01 4.679859615392597334e+04 1.294109264322917938e+09 7.760551022458093241e+06
2.865175879396985238e+03 5.358865039367169958e-01 4.676624014211983740e+04 1.293214055515225649e+09 7.755169072370005772e+06
2.890291457286432433e+03 5.405839814375951180e-01 4.673457514155559329e+04 1.292337965236530066e+09 7.749902061911573634e+06
2.915407035175879628e+03 5.452814589384733512e-01 4.670361072125375358e+04 1.291481258237367868e+09 7.744751582749636844e+06
2.940522613065326823e+03 5.499789364393514735e-01 4.667335683541830804e+04 1.290644209925323725e+09 7.739719290620658547e+06
2.965638190954774018e+03 5.546764139402297067e-01 4.664382480940838286e+04 1.289827133644368649e+09 7.734807069332762621e+06
2.990753768844221213e+03 5.593738914411078289e-01 4.661502300077272230e+04 1.289030260626686335e+09 7.730016309042142704e+06
3.015869346733668408e+03 5.640713689419860621e-01 4.658695680213585001e+04 1.288253740072524786e+09 7.725347906733137555e+06
3.040984924623115603e+03 5.687688464428641844e-01 4.655962891054753709e+04 1.287497646602411032e+09 7.720802311020593159e+06
3.066100502512562798e+03 5.734663239437423066e-01 4.653302296281698364e+04 1.286761527488346577e+09 7.716376800126667134e+06
3.091216080402010448e+03 5.781638014446206508e-01 4.650708371034570155e+04 1.286043854141693830e+09 7.712062184253761545e+06
3.116331658291457643e+03 5.828612789454987730e-01 4.648175489288564131e+04 1.285343069984037399e+09 7.707849105331143364e+06
3.141447236180904838e+03 5.875587564463770063e-01 4.645698501607416256e+04 1.284657750296928167e+09 7.703728998023541644e+06
3.166562814070352033e+03 5.922562339472551285e-01 4.643272696484040353e+04 1.283986591525815248e+09 7.699694025426900014e+06
3.191678391959799228e+03 5.969537114481332507e-01 4.640893814551342075e+04 1.283328415211820602e+09 7.695737102706033736e+06
3.216793969849246423e+03 6.016511889490114839e-01 4.638559805385477375e+04 1.282682654054655790e+09 7.691854819280286320e+06
3.241909547738693618e+03 6.063486664498896062e-01 4.636271068451043539e+04 1.282049418576046228e+09 7.688047839600685984e+06
3.267025125628140813e+03 6.110461439507678394e-01 4.634028012691366166e+04 1.281428821920241117e+09 7.684316843884742819e+06
3.292140703517588008e+03 6.157436214516459616e-01 4.631830903014666546e+04 1.280820937380627871e+09 7.680662272768589668e+06
3.317256281407035203e+03 6.204410989525241948e-01 4.629679874238988123e+04 1.280225802257942200e+09 7.677084350502367131e+06
3.342371859296482398e+03 6.251385764534023171e-01 4.627574944069425692e+04 1.279643421450733185e+09 7.673583106535906903e+06
3.367487437185930048e+03 6.298360539542805503e-01 4.625515785253819922e+04 1.279073704416627645e+09 7.670157996533033438e+06
3.392603015075377243e+03 6.345335314551587835e-01 4.623500683463295718e+04 1.278516176844292164e+09 7.666806168957991526e+06
3.417718592964824438e+03 6.392310089560369057e-01 4.621527555738574301e+04 1.277970262431707621e+09 7.663524159112187102e+06
3.442834170854271633e+03 6.439284864569151390e-01 4.619594443961864454e+04 1.277435419417329311e+09 7.660308709952605888e+06
3.467949748743718828e+03 6.486259639577932612e-01 4.617699507040980097e+04 1.276911138417631149e+09 7.657156759091238491e+06
3.493065326633166023e+03 6.533234414586713834e-01 4.615841013191026286e+04 1.276396940291641235e+09 7.654065425956797786e+06
3.518180904522613218e+03 6.580209189595496166e-01 4.614017332791006629e+04 1.275892374164550543e+09 7.651031999912719242e+06
3.543296482412060413e+03 6.627183964604277389e-01 4.612226938470403547e+04 1.275397017451661587e+09 7.648053940401176922e+06
3.568412060301507609e+03 6.674158739613059721e-01 4.610468696922238450e+04 1.274910556595670223e+09 7.645129362331508659e+06
3.593527638190954804e+03 6.721133514621840943e-01 4.608741944799426710e+04 1.274432808065256834e+09 7.642257162322697230e+06
3.618643216080402453e+03 6.768108289630623275e-01 4.607046055467778933e+04 1.273963598486629248e+09 7.639436298060272820e+06
3.643758793969849648e+03 6.815083064639405608e-01 4.605380405939437333e+04 1.273502755494843006e+09 7.636665733294907026e+06
3.668874371859296843e+03 6.862057839648186830e-01 4.603744377678161982e+04 1.273050107956604481e+09 7.633944439181888476e+06
3.693989949748744039e+03 6.909032614656969162e-01 4.602137357320438605e+04 1.272605486169779778e+09 7.631271395480573177e+06
3.719105527638191234e+03 6.956007389665750384e-01 4.600558737319075590e+04 1.272168722041466951e+09 7.628645591624926776e+06
3.744221105527638429e+03 7.002982164674532717e-01 4.599007916515126999e+04 1.271739649246226788e+09 7.626066027674825862e+06
3.769336683417085624e+03 7.049956939683313939e-01 4.597484297172998049e+04 1.271318102405776262e+09 7.623531709384388290e+06
3.794452261306532819e+03 7.096931714692096271e-01 4.595987180516592343e+04 1.270903888186487913e+09 7.621041474441624247e+06
3.819567839195980014e+03 7.143906489700877493e-01 4.594515760265356948e+04 1.270496783510975599e+09 7.618593981716565788e+06
3.844683417085427209e+03 7.190881264709658716e-01 4.593069253264789586e+04 1.270096571700244188e+09 7.616187928546055220e+06
3.869798994974874404e+03 7.237856039718441048e-01 4.591646905964904727e+04 1.269703044266120434e+09 7.613822061509732157e+06
3.894914572864322054e+03 7.284830814727223380e-01 4.590247993063441390e+04 1.269316000535858393e+09 7.611495174173192121e+06
3.920030150753769249e+03 7.331805589736004602e-01 4.588871816221490735e+04 1.268935247296788692e+09 7.609206104951640591e+06
3.945145728643216444e+03 7.378780364744786935e-01 4.587517702846961765e+04 1.268560598459732771e+09 7.606953735086346045e+06
3.970261306532663639e+03 7.425755139753568157e-01 4.586185004941928491e+04 1.268191874740095854e+09 7.604736986727382056e+06
3.995376884422110834e+03 7.472729914762350489e-01 4.584873098010029207e+04 1.267828903355566740e+09 7.602554821116240695e+06
4.020492462311558029e+03 7.519704689771131711e-01 4.583581380020371580e+04 1.267471517739464521e+09 7.600406236862450838e+06
4.045608040201005224e+03 7.566679464779914044e-01 4.582309270834685594e+04 1.267119557382237196e+09 7.598290268990702927e+06
4.070723618090452419e+03 7.613654239788695266e-01 4.581056232760961575e+04 1.266772873518140554e+09 7.596206023128867149e+06
4.095839195979899614e+03 7.660629014797477598e-01 4.579821777831146028e+04 1.266431331138785839e+09 7.594152687613332644e+06
4.120954773869347264e+03 7.707603789806259931e-01 4.578605434676432196e+04 1.266094799828375578e+09 7.592129478390921839e+06
4.146070351758794459e+03 7.754578564815041153e-01 4.577406745255998248e+04 1.265763152858628511e+09 7.590135633577616885e+06
4.171185929648241654e+03 7.801553339823823485e-01 4.576225264423707995e+04 1.265436267068895578e+09 7.588170412737818435e+06
4.196301507537688849e+03 7.848528114832604707e-01 4.575060559510628082e+04 1.265114022750652313e+09 7.586233096189931966e+06
4.221417085427136044e+03 7.895502889841387040e-01 4.573912209922719921e+04 1.264796303536194086e+09 7.584322984337205067e+06
4.246532663316583239e+03 7.942477664850168262e-01 4.572779806753114099e+04 1.264482996291357040e+09 7.582439397022760473e+06
4.271648241206030434e+03 7.989452439858949484e-01 4.571662952408388082e+04 1.264173991012121439e+09 7.580581672907996923e+06
4.296763819095477629e+03 8.036427214867731816e-01 4.570561260248249164e+04 1.263869180724923849e+09 7.578749168873250484e+06
4.321879396984924824e+03 8.083401989876513039e-01 4.569474354238167871e+04 1.263568461390541792e+09 7.576941259439993650e+06
4.346994974874372019e+03 8.130376764885295371e-01 4.568401868614373234e+04 1.263271731811416149e+09 7.575157336213596165e+06
4.372110552763819214e+03 8.177351539894076593e-01 4.567343447560774075e+04 1.262978893542253733e+09 7.573396807345950976e+06
4.397226130653266409e+03 8.224326314902858925e-01 4.566298744897284632e+04 1.262689850803804159e+09 7.571659097017043270e+06
4.422341708542713604e+03 8.271301089911640148e-01 4.565267423313202016e+04 1.262404510270747900e+09 7.569943644159761257e+06
4.447457286432160799e+03 8.318275864920421370e-01 4.564249150267209188e+04 1.262122779937334299e+09 7.568249895640193485e+06
4.472572864321607994e+03 8.365250639929203702e-01 4.563243600055151910e+04 1.261844569689480782e+09 7.566577309697035700e+06
4.497688442211055190e+03 8.412225414937984924e-01 4.562250456011939968e+04 1.261569791913988352e+09 7.564925359604151919e+06
4.522804020100502385e+03 8.459200189946767257e-01 4.561269410239923309e+04 1.261298361423382521e+09 7.563293533218762837e+06
4.547919597989949580e+03 8.506174964955548479e-01 4.560300163322685694e+04 1.261030195376732826e+09 7.561681332505383529e+06
4.573035175879397684e+03 8.553149739964331921e-01 4.559342424049609690e+04 1.260765213203445196e+09 7.560088273077668622e+06
4.598150753768844879e+03 8.600124514973114254e-01 4.558395909150739317e+04 1.260503336529906273e+09 7.558513883757420816e+06
4.623266331658292074e+03 8.647099289981895476e-01 4.557460343041544547e+04 1.260244489108860970e+09 7.556957706150003709e+06
4.648381909547739269e+03 8.694074064990677808e-01 4.556535457577079069e+04 1.259988596751404762e+09 7.555419294235466979e+06
4.673497487437186464e+03 8.741048839999459030e-01 4.555620991815281741e+04 1.259735587261483908e+09 7.553898213974788785e+06
4.698613065326633659e+03 8.788023615008240252e-01 4.554716691788888420e+04 1.259485390372796535e+09 7.552394042930510826e+06
4.723728643216080854e+03 8.834998390017022585e-01 4.553822310285737331e+04 1.259237937688004732e+09 7.550906369901305996e+06
4.748844221105528050e+03 8.881973165025803807e-01 4.552937606636968121e+04 1.258993162620137453e+09 7.549434794569664635e+06
4.773959798994975245e+03 8.928947940034586139e-01 4.552062346512945805e+04 1.258751000336126089e+09 7.547978927162456326e+06
4.799075376884422440e+03 8.975922715043367361e-01 4.551196301726496313e+04 1.258511387702366114e+09 7.546538388123640791e+06
4.824190954773869635e+03 9.022897490052149694e-01 4.550339250043156062e+04 1.258274263232214212e+09 7.545112807798632421e+06
4.849306532663316830e+03 9.069872265060930916e-01 4.549490974998228921e+04 1.258039567035379171e+09 7.543701826130025089e+06
4.874422110552764025e+03 9.116847040069713248e-01 4.548651265720285301e+04 1.257807240769082785e+09 7.542305092363988981e+06
4.899537688442211220e+03 9.163821815078494470e-01 4.547819916760885098e+04 1.257577227590950489e+09 7.540922264767035842e+06
4.924653266331658415e+03 9.210796590087275693e-01 4.546996727930304041e+04 1.257349472113561630e+09 7.539553010352801532e+06
4.949768844221105610e+03 9.257771365096058025e-01 4.546181504146024963e+04 1.257123920362530708e+09 7.538197004630003124e+06
4.974884422110552805e+03 9.304746140104839247e-01 4.545374055336741003e+04 1.256900519749944687e+09 7.536853931442773901e+06
5.000000000000000000e+03 9.351720915113621579e-01 4.544574196259646124e+04 1.256679219023817539e+09 7.535523482666756026e+06
