2.000000000000000000e+00 2.510750031289705163e-04 4.017974071596665453e+04 1.916640279441011808e+04 2.765056865187522635e+04
2.209045226130653106e+01 2.773180185313955676e-03 6.271746958992914733e+04 2.992470342924943543e+04 4.322194183642729331e+04
4.218090452261306211e+01 5.295285367498940403e-03 7.880264972563147603e+04 3.760290404268179554e+04 5.433523297744936281e+04
6.227135678391959317e+01 7.817390549683925563e-03 8.987167254504025914e+04 4.288666071093563369e+04 6.198284849688449322e+04
8.236180904522612423e+01 1.033949573186890986e-02 9.707821028293801646e+04 4.632667456300515914e+04 6.696186342393883388e+04
1.024522613065326482e+02 1.286160091405389415e-02 1.012817791678564536e+05 4.833323245781839796e+04 6.986611966821625538e+04
1.225427135678391863e+02 1.538370609623888018e-02 1.031421709412426571e+05 4.922128351693787408e+04 7.115146899222618958e+04
1.426331658291457245e+02 1.790581127842386794e-02 1.031927981242537644e+05 4.924545021351030300e+04 7.118644743944937363e+04
1.627236180904522485e+02 2.042791646060885050e-02 1.018867497075173596e+05 4.862201288362304331e+04 7.028409532545306138e+04
1.828140703517587724e+02 2.295002164279383305e-02 9.960878323043273122e+04 4.753463410053389816e+04 6.871024259543982043e+04
2.029045226130652964e+02 2.547212682497881908e-02 9.669657355448559974e+04 4.614450169718766847e+04 6.669818965481611667e+04
2.229949748743718487e+02 2.799423200716380511e-02 9.341755688555246161e+04 4.457927534681717952e+04 6.443270884635221591e+04
2.430854271356783727e+02 3.051633718934879114e-02 9.001167071295781352e+04 4.295348831309584057e+04 6.207957358085318265e+04
2.631758793969848966e+02 3.303844237153377716e-02 8.665634614123428764e+04 4.135183667055750993e+04 5.976137145171299198e+04
2.832663316582914490e+02 3.556054755371876319e-02 8.346209422407684906e+04 3.982707245760734804e+04 5.755445482201690174e+04
3.033567839195979445e+02 3.808265273590374228e-02 8.052997290329220414e+04 3.842743530502513022e+04 5.552864487623012974e+04
3.234472361809044969e+02 4.060475791808872831e-02 7.791152181463783199e+04 3.717752746529108845e+04 5.371955047745784395e+04
3.435376884422110493e+02 4.312686310027372127e-02 7.561720747329594451e+04 3.608234509030495974e+04 5.213440296718773607e+04
3.636281407035175448e+02 4.564896828245870036e-02 7.363723728988096991e+04 3.513721372412703204e+04 5.076643662094869796e+04
3.837185929648240972e+02 4.817107346464368639e-02 7.195169594436649641e+04 3.433262686318356282e+04 4.960189189438045287e+04
4.038090452261305927e+02 5.069317864682866548e-02 7.053034010700411454e+04 3.365414796706487687e+04 4.861987359540355828e+04
4.238994974874371451e+02 5.321528382901365151e-02 6.932581064003589563e+04 3.307917032838462910e+04 4.778766117742471397e+04
4.439899497487436975e+02 5.573738901119864447e-02 6.829244103487617394e+04 3.258589520996497595e+04 4.707370353557443013e+04
4.640804020100501930e+02 5.825949419338362356e-02 6.738117769970819063e+04 3.215090706310829410e+04 4.644410942071697355e+04
4.841708542713567454e+02 6.078159937556860959e-02 6.654656001621994074e+04 3.175250543158928122e+04 4.586746997808722517e+04
5.042613065326632977e+02 6.330370455775359562e-02 6.574731795135808352e+04 3.137099021939204249e+04 4.531527163874461985e+04
5.243517587939697933e+02 6.582580973993858164e-02 6.494861990428018908e+04 3.098973469205051515e+04 4.476344916264806670e+04
5.444422110552762888e+02 6.834791492212355379e-02 6.412400059045822854e+04 3.059610574491909210e+04 4.419371761859949038e+04
5.645326633165828980e+02 7.087002010430855370e-02 6.325607880775199737e+04 3.018180652612483391e+04 4.359406829061712051e+04
5.846231155778893935e+02 7.339212528649353973e-02 6.233671505958404305e+04 2.974295167740091711e+04 4.295887758018088061e+04
6.047135678391958891e+02 7.591423046867851188e-02 6.136653078461602854e+04 2.927983784016960999e+04 4.228857484081461007e+04
6.248040201005024983e+02 7.843633565086351178e-02 6.035381812846940011e+04 2.879642323914834196e+04 4.158888913664430584e+04
6.448944723618089938e+02 8.095844083304848393e-02 5.931278746992277593e+04 2.829949114553049731e+04 4.086963845386955654e+04
6.649849246231154893e+02 8.348054601523346996e-02 5.826158782127447921e+04 2.779770492249801828e+04 4.014336199042860244e+04
6.850753768844220986e+02 8.600265119741846986e-02 5.722023234273322305e+04 2.730061777726987930e+04 3.942388688870807528e+04
7.051658291457285941e+02 8.852475637960344201e-02 5.620867230428467155e+04 2.681775337399845012e+04 3.872499753098492511e+04
7.252562814070350896e+02 9.104686156178842804e-02 5.524521627433943650e+04 2.635785123937945900e+04 3.805934335291395109e+04
7.453467336683416988e+02 9.356896674397341407e-02 5.434514290194313799e+04 2.592820457942518260e+04 3.743748041129107150e+04
7.654371859296481944e+02 9.609107192615840010e-02 5.351989268730195181e+04 2.553427447414591006e+04 3.686731297629031178e+04
7.855276381909546899e+02 9.861317710834338612e-02 5.277677079613720707e+04 2.517954801709296589e+04 3.635388820515888801e+04
8.056180904522611854e+02 1.011352822905283583e-01 5.211888948167025956e+04 2.486551083070835011e+04 3.589935636142270960e+04
8.257085427135677946e+02 1.036573874727133582e-01 5.154530863525576569e+04 2.459171415764420090e+04 3.550306792167003005e+04
8.457989949748742902e+02 1.061794926548983442e-01 5.105168730674248218e+04 2.435608586157174068e+04 3.516202371259648498e+04
8.658894472361807857e+02 1.087015978370833164e-01 5.063091079429512320e+04 2.415522976616375672e+04 3.487130816892953590e+04
8.859798994974873949e+02 1.112237030192683163e-01 5.027340601162985695e+04 2.398457619446562239e+04 3.462430722143946332e+04
9.060703517587938904e+02 1.137458082014532884e-01 4.996809700070951658e+04 2.383883807930881449e+04 3.441336846304756182e+04
9.261608040201003860e+02 1.162679133836382744e-01 4.970304325079704722e+04 2.371231566252510311e+04 3.423024216505485674e+04
9.462512562814069952e+02 1.187900185658232743e-01 4.946582751797300443e+04 2.359908161914359880e+04 3.406634922261567408e+04
9.663417085427134907e+02 1.213121237480082465e-01 4.924453817354417697e+04 2.349344997773175783e+04 3.391345986170730612e+04
9.864321608040199862e+02 1.238342289301932325e-01 4.902811991118910373e+04 2.339014352914033225e+04 3.376393594357302209e+04
1.006522613065326595e+03 1.263563341123782324e-01 4.880707801578954241e+04 2.328463000659767567e+04 3.361121754581717687e+04
1.026613065326632977e+03 1.288784392945631907e-01 4.857390320439890638e+04 2.317332488195796032e+04 3.345011648609168333e+04
1.046703517587939587e+03 1.314005444767481767e-01 4.832334048825702484e+04 2.305371970597900872e+04 3.327700207953371864e+04
1.066793969849246196e+03 1.339226496589331905e-01 4.805270344548640423e+04 2.292453212521908790e+04 3.309001827055669855e+04
1.086884422110552578e+03 1.364447548411181488e-01 4.776153089365844062e+04 2.278554199596974649e+04 3.288884642706852901e+04
1.106974874371859187e+03 1.389668600233031348e-01 4.745186884336436196e+04 2.263772597373900135e+04 3.267490014289821556e+04
1.127065326633165796e+03 1.414889652054881486e-01 4.712722352096302347e+04 2.248275774257339435e+04 3.245060187859657890e+04
1.147155778894472178e+03 1.440110703876731069e-01 4.679289227552128432e+04 2.232316597224918587e+04 3.221961158586818783e+04
1.167246231155778787e+03 1.465331755698580929e-01 4.645460732929714868e+04 2.216168691763494280e+04 3.198588967139181841e+04
1.187336683417085396e+03 1.490552807520430789e-01 4.611873982042304851e+04 2.200136181770365874e+04 3.175383797041999424e+04
1.207427135678391778e+03 1.515773859342280649e-01 4.579120341088745045e+04 2.184501353690103497e+04 3.152754224679457548e+04
1.227517587939698387e+03 1.540994911164130510e-01 4.547762635913785198e+04 2.169532870335926418e+04 3.131089107833786329e+04
1.247608040201004997e+03 1.566215962985980370e-01 4.518252142735412781e+04 2.155446146723676793e+04 3.110700234371408078e+04
1.267698492462311378e+03 1.591437014807830230e-01 4.490945363145497686e+04 2.142411357555679933e+04 3.091833912132786281e+04
1.287788944723617988e+03 1.616658066629680091e-01 4.466066540212954715e+04 2.130535544422686507e+04 3.074645071214454583e+04
1.307879396984924597e+03 1.641879118451529951e-01 4.443709772389663704e+04 2.119863624868975967e+04 3.059198724471902460e+04
1.327969849246230979e+03 1.667100170273379811e-01 4.423873851981679763e+04 2.110395022406357384e+04 3.045494037506366294e+04
1.348060301507537588e+03 1.692321222095229671e-01 4.406424401062879770e+04 2.102065592234082942e+04 3.033438168272973417e+04
1.368150753768844197e+03 1.717542273917079532e-01 4.391182024981079303e+04 2.094789700985486706e+04 3.022907172558351886e+04
1.388241206030150579e+03 1.742763325738929392e-01 4.377829475337769691e+04 2.088415911323375258e+04 3.013681862651395568e+04
1.408331658291457188e+03 1.767984377560779252e-01 4.366046263446508237e+04 2.082791239171219422e+04 3.005540812117974929e+04
1.428422110552763797e+03 1.793205429382629112e-01 4.355472933838563767e+04 2.077744099804620055e+04 2.998235672276719561e+04
1.448512562814070179e+03 1.818426481204478695e-01 4.345756188158111036e+04 2.073105847574008294e+04 2.991522348410955237e+04
1.468603015075376788e+03 1.843647533026328833e-01 4.336549348575581098e+04 2.068710997113275880e+04 2.985161319942132104e+04
1.488693467336683398e+03 1.868868584848178693e-01 4.327505260991422983e+04 2.064393835710619896e+04 2.978912737235584427e+04
1.508783919597989780e+03 1.894089636670028276e-01 4.318322566963092686e+04 2.060010511039931953e+04 2.972568390990481203e+04
1.528874371859296389e+03 1.919310688491878414e-01 4.308750577248134505e+04 2.055441357528369554e+04 2.965955079382917393e+04
1.548964824120602998e+03 1.944531740313728274e-01 4.298582951654413046e+04 2.050587879456489827e+04 2.958930241458650198e+04
1.569055276381909380e+03 1.969752792135577857e-01 4.287723704283325787e+04 2.045404258314378603e+04 2.951427560320538396e+04
1.589145728643215989e+03 1.994973843957427995e-01 4.276161374393633741e+04 2.039885023360043851e+04 2.943439117713825908e+04
1.609236180904522371e+03 2.020194895779277577e-01 4.263926017354425130e+04 2.034044521411576716e+04 2.934985678968103457e+04
1.629326633165828980e+03 2.045415947601127438e-01 4.251158612521515170e+04 2.027950048437513033e+04 2.926164647072508160e+04
1.649417085427135589e+03 2.070636999422977576e-01 4.238013928507466335e+04 2.021675482656552776e+04 2.917082952048115840e+04
1.669507537688441971e+03 2.095858051244827158e-01 4.224671987964063010e+04 2.015306757208626368e+04 2.907864971994790903e+04
1.689597989949748580e+03 2.121079103066677018e-01 4.211347755083940137e+04 2.008946484447577677e+04 2.898659226210264751e+04
1.709688442211055190e+03 2.146300154888526879e-01 4.198229082213372021e+04 2.002684334988732007e+04 2.889595502349886374e+04
1.729778894472361571e+03 2.171521206710376739e-01 4.185487361735114973e+04 1.996602122345356838e+04 2.880792215839087294e+04
1.749869346733668181e+03 2.196742258532226599e-01 4.173273989255535707e+04 1.990772114644253088e+04 2.872353966280536042e+04
1.769959798994974790e+03 2.221963310354076460e-01 4.161709950613187539e+04 1.985252064023224375e+04 2.864364343092343552e+04
1.790050251256281172e+03 2.247184362175926320e-01 4.150872889858955023e+04 1.980079033579738098e+04 2.856876990743245187e+04
1.810140703517587781e+03 2.272405413997776180e-01 4.140815618619251472e+04 1.975278232746258800e+04 2.849928396917866121e+04
1.830231155778894390e+03 2.297626465819626040e-01 4.131570706110478204e+04 1.970865208316496864e+04 2.843541063769185348e+04
1.850321608040200772e+03 2.322847517641475901e-01 4.123115083511211560e+04 1.966828948474771823e+04 2.837699052990849304e+04
1.870412060301507381e+03 2.348068569463325761e-01 4.115409914199963532e+04 1.963150914704984825e+04 2.832375532264046342e+04
1.890502512562813990e+03 2.373289621285175621e-01 4.108409417578671855e+04 1.959809253809771690e+04 2.827538871659203869e+04
1.910592964824120372e+03 2.398510673107025204e-01 4.102010880119606736e+04 1.956754935870600821e+04 2.823118106143403929e+04
1.930683417085426981e+03 2.423731724928875342e-01 4.096100697629871866e+04 1.953933732350631544e+04 2.819034746295962032e+04
1.950773869346733591e+03 2.448952776750725202e-01 4.090574875337979756e+04 1.951296001734413949e+04 2.815216941869449875e+04
1.970864321608039972e+03 2.474173828572574785e-01 4.085314019503798772e+04 1.948784751866373335e+04 2.811582203430528898e+04
1.990954773869346582e+03 2.499394880394424923e-01 4.080197908108232514e+04 1.946342595215070105e+04 2.808047469285859188e+04
2.011045226130653191e+03 2.524615932216274783e-01 4.075119901294179726e+04 1.943918627643321452e+04 2.804539061691752795e+04
2.031135678391959573e+03 2.549836984038124643e-01 4.069998827445606003e+04 1.941474102183624200e+04 2.801000898975903328e+04
2.051226130653265955e+03 2.575058035859973948e-01 4.064775695241687208e+04 1.938980859549482193e+04 2.797392223887373984e+04
2.071316582914572791e+03 2.600279087681824364e-01 4.059399577381018025e+04 1.936414589783933116e+04 2.793677850626396685e+04
2.091407035175879173e+03 2.625500139503674224e-01 4.053840895278913376e+04 1.933761173660135319e+04 2.789837343274914383e+04
2.111497487437185555e+03 2.650721191325523529e-01 4.048107512943499023e+04 1.931024365032975766e+04 2.785876135095789505e+04
2.131587939698492391e+03 2.675942243147373945e-01 4.042212631834503554e+04 1.928210465569908047e+04 2.781803347010528159e+04
2.151678391959798773e+03 2.701163294969223805e-01 4.036173184432000562e+04 1.925327557927004455e+04 2.777630677711914541e+04
2.171768844221105155e+03 2.726384346791073110e-01 4.030037167182918347e+04 1.922398553028802417e+04 2.773391288065042318e+04
2.191859296482411992e+03 2.751605398612923525e-01 4.023864260811317945e+04 1.919451939245852918e+04 2.769126411631261726e+04
2.211949748743718374e+03 2.776826450434773386e-01 4.017707647096841538e+04 1.916513102701881871e+04 2.764872791834991585e+04
2.232040201005024755e+03 2.802047502256622691e-01 4.011620860870955221e+04 1.913607598048582440e+04 2.760667416025037528e+04
2.252130653266331592e+03 2.827268554078473106e-01 4.005666390329843853e+04 1.910765253792833391e+04 2.756553457452256771e+04
2.272221105527637974e+03 2.852489605900322411e-01 3.999900669676945108e+04 1.908013008590697791e+04 2.752569906648790857e+04
2.292311557788944356e+03 2.877710657722172272e-01 3.994371787657516688e+04 1.905373817424976369e+04 2.748749988248877708e+04
2.312402010050251192e+03 2.902931709544022687e-01 3.989107408619217313e+04 1.902860885768619482e+04 2.745112815619429966e+04
2.332492462311557574e+03 2.928152761365871992e-01 3.984117012136167614e+04 1.900478738660899398e+04 2.741664938221889679e+04
2.352582914572863956e+03 2.953373813187721852e-01 3.979407508168573986e+04 1.898230674545492366e+04 2.738411130165024952e+04
2.372673366834170793e+03 2.978594865009572268e-01 3.974982394387126260e+04 1.896118363022427002e+04 2.735353807998254706e+04
2.392763819095477174e+03 3.003815916831421573e-01 3.970822019886129419e+04 1.894132423805323924e+04 2.732479394861740366e+04
2.412854271356783556e+03 3.029036968653271433e-01 3.966894164736664243e+04 1.892257476831546592e+04 2.729765629926097245e+04
2.432944723618090393e+03 3.054258020475121849e-01 3.963169375293565099e+04 1.890479462513669205e+04 2.727192163594297017e+04
2.453035175879396775e+03 3.079479072296971154e-01 3.959619912471163116e+04 1.888785139702833840e+04 2.724739830862751114e+04
2.473125628140703157e+03 3.104700124118821014e-01 3.956210725497669046e+04 1.887157777044141039e+04 2.722384415065664871e+04
2.493216080402009993e+03 3.129921175940671429e-01 3.952904364130188333e+04 1.885579497804129642e+04 2.720100041736659114e+04
2.513306532663316375e+03 3.155142227762520735e-01 3.949666782279719337e+04 1.884034050209474663e+04 2.717863188347788673e+04
2.533396984924622757e+03 3.180363279584370595e-01 3.946467316463498719e+04 1.882506797161296345e+04 2.715652669422204417e+04
2.553487437185929593e+03 3.205584331406221010e-01 3.943281176338434307e+04 1.880985905081981036e+04 2.713451357249930516e+04
2.573577889447235975e+03 3.230805383228070315e-01 3.940088226103816123e+04 1.879461762222324978e+04 2.711245339955953023e+04
2.593668341708542357e+03 3.256026435049920176e-01 3.936870465233506548e+04 1.877925776098461210e+04 2.709022180931791809e+04
2.613758793969849194e+03 3.281247486871770591e-01 3.933612064558846760e+04 1.876370390715897156e+04 2.706770943765276388e+04
2.633849246231155576e+03 3.306468538693619896e-01 3.930309567410310410e+04 1.874793956046355015e+04 2.704489240234793033e+04
2.653939698492461957e+03 3.331689590515469757e-01 3.926975540155015187e+04 1.873202470598207219e+04 2.702185752474779656e+04
2.674030150753768794e+03 3.356910642337320172e-01 3.923622808689839439e+04 1.871602056765386806e+04 2.699869341929431539e+04
2.694120603015075176e+03 3.382131694159169477e-01 3.920263133034572093e+04 1.869998328149382360e+04 2.697548133625800983e+04
2.714211055276381558e+03 3.407352745981019337e-01 3.916908651875347277e+04 1.868397079106647652e+04 2.695230514212463095e+04
2.734301507537688394e+03 3.432573797802869753e-01 3.913577120121545886e+04 1.866806784876810343e+04 2.692928750600666172e+04
2.754391959798994776e+03 3.457794849624719058e-01 3.910286524177383399e+04 1.865236031202691083e+04 2.690655269642019266e+04
2.774482412060301158e+03 3.483015901446568918e-01 3.907052955773110443e+04 1.863692499411576136e+04 2.688421189153151499e+04
2.794572864321607994e+03 3.508236953268418779e-01 3.903890720864834293e+04 1.862183018398140484e+04 2.686236393154878533e+04
2.814663316582914376e+03 3.533458005090268639e-01 3.900810932024324575e+04 1.860712892706979619e+04 2.684108559350799624e+04
2.834753768844220758e+03 3.558679056912118499e-01 3.897821051342396095e+04 1.859285684339252111e+04 2.682042843318099403e+04
2.854844221105527595e+03 3.583900108733968359e-01 3.894927409070464637e+04 1.857904415016810526e+04 2.680043618643296577e+04
2.874934673366833977e+03 3.609121160555818220e-01 3.892135512504942017e+04 1.856571713627009740e+04 2.678114690331239763e+04
2.895025125628140358e+03 3.634342212377668080e-01 3.889449627137828065e+04 1.855289616286514138e+04 2.676259005421011170e+04
2.915115577889447195e+03 3.659563264199517940e-01 3.886864808216465462e+04 1.854055762636124200e+04 2.674473147570643050e+04
2.935206030150753577e+03 3.684784316021367800e-01 3.884369292453488742e+04 1.852864537514585754e+04 2.672748989495507703e+04
2.955296482412059959e+03 3.710005367843217661e-01 3.881952026976343768e+04 1.851710664874499707e+04 2.671078894738345116e+04
2.975386934673366795e+03 3.735226419665067521e-01 3.879602824938151025e+04 1.850589282062584607e+04 2.669455825181196633e+04
2.995477386934673177e+03 3.760447471486917381e-01 3.877312190807910520e+04 1.849495856422612269e+04 2.667873220337970997e+04
3.015567839195979559e+03 3.785668523308767242e-01 3.875069821051003964e+04 1.848425469600843644e+04 2.666323961470858558e+04
3.035658291457286396e+03 3.810889575130617102e-01 3.872865029277888243e+04 1.847373020489176633e+04 2.664800665326628950e+04
3.055748743718592777e+03 3.836110626952466962e-01 3.870687959557691647e+04 1.846333804395848711e+04 2.663296522418017048e+04
3.075839195979899159e+03 3.861331678774316822e-01 3.868529563860074995e+04 1.845303502277398002e+04 2.661805281438259044e+04
3.095929648241205996e+03 3.886552730596166683e-01 3.866381625941985112e+04 1.844278192140915780e+04 2.660321265764503551e+04
3.116020100502512378e+03 3.911773782418016543e-01 3.864239522435401159e+04 1.843255667038956381e+04 2.658841281100233391e+04
3.136110552763818760e+03 3.936994834239866403e-01 3.862102766798216908e+04 1.842235694722465269e+04 2.657364991292290870e+04
3.156201005025125596e+03 3.962215886061716263e-01 3.859971188117261772e+04 1.841218193606679779e+04 2.655892278256340796e+04
3.176291457286431978e+03 3.987436937883566124e-01 3.857844656415319332e+04 1.840203101647460790e+04 2.654423052190799353e+04
3.196381909547738360e+03 4.012657989705415984e-01 3.855723079987028177e+04 1.839190375069597940e+04 2.652957249736203812e+04
3.216472361809044742e+03 4.037879041527265289e-01 3.853607389129856165e+04 1.838180457947108152e+04 2.651495513637397744e+04
3.236562814070351578e+03 4.063100093349115705e-01 3.851502778423551354e+04 1.837175829893218906e+04 2.650041432842506765e+04
3.256653266331657960e+03 4.088321145170965010e-01 3.849415184090413095e+04 1.836179324541455571e+04 2.648599108702349258e+04
3.276743718592964342e+03 4.113542196992814870e-01 3.847350019814327243e+04 1.835193526093586479e+04 2.647172281544646103e+04
3.296834170854271179e+03 4.138763248814665285e-01 3.845312207300560112e+04 1.834220783907221994e+04 2.645764351787859778e+04
3.316924623115577560e+03 4.163984300636514591e-01 3.843306197686140513e+04 1.833263222715986194e+04 2.644378394733686946e+04
3.337015075376883942e+03 4.189205352458364451e-01 3.841335042010968755e+04 1.832322298922370101e+04 2.643016518353213905e+04
3.357105527638190779e+03 4.214426404280214866e-01 3.839399723631975939e+04 1.831398481928130059e+04 2.641679402050202043e+04
3.377195979899497161e+03 4.239647456102064171e-01 3.837500902294876141e+04 1.830492086660417044e+04 2.640367501644614822e+04
3.397286432160803543e+03 4.264868507923914032e-01 3.835639126708247204e+04 1.829603375043219057e+04 2.639081196240578720e+04
3.417376884422110379e+03 4.290089559745764447e-01 3.833814844214387267e+04 1.828732560613710302e+04 2.637820794908004973e+04
3.437467336683416761e+03 4.315310611567613752e-01 3.832028395433055266e+04 1.827879805965457490e+04 2.636586532981934943e+04
3.457557788944723143e+03 4.340531663389463612e-01 3.830278788514003099e+04 1.827044637642455200e+04 2.635377725190555429e+04
3.477648241206029979e+03 4.365752715211314028e-01 3.828562894263276394e+04 1.826225561935663427e+04 2.634192209565945450e+04
3.497738693467336361e+03 4.390973767033163333e-01 3.826877568249046453e+04 1.825421077862303355e+04 2.633027813612300451e+04
3.517829145728642743e+03 4.416194818855013193e-01 3.825219871544786292e+04 1.824629782536783387e+04 2.631882506817938338e+04
3.537919597989949580e+03 4.441415870676863609e-01 3.823587057297075808e+04 1.823850364758889555e+04 2.630754391374969782e+04
3.558010050251255961e+03 4.466636922498712914e-01 3.821976558523000858e+04 1.823081599188923792e+04 2.629641693748487160e+04
3.578100502512562343e+03 4.491857974320562774e-01 3.820385937169682438e+04 1.822322322031455769e+04 2.628542729481662900e+04
3.598190954773869180e+03 4.517079026142413190e-01 3.818812748687993735e+04 1.821571366390098046e+04 2.627455809629399664e+04
3.618281407035175562e+03 4.542300077964262495e-01 3.817254669571628619e+04 1.820827623147801933e+04 2.626379328875387728e+04
3.638371859296481944e+03 4.567521129786112355e-01 3.815709535905745724e+04 1.820090059367904541e+04 2.625311792165453880e+04
3.658462311557788780e+03 4.592742181607962770e-01 3.814175334689801093e+04 1.819357714152121844e+04 2.624251808712496131e+04
3.678552763819095162e+03 4.617963233429812075e-01 3.812650195914651704e+04 1.818629694858577568e+04 2.623198086522523226e+04
3.698643216080401544e+03 4.643184285251661936e-01 3.811132399317159434e+04 1.817905180326094342e+04 2.622149437061437129e+04
3.718733668341708380e+03 4.668405337073512351e-01 3.809621428418139112e+04 1.817183924015262892e+04 2.621105503492477510e+04
3.738824120603014762e+03 4.693626388895361656e-01 3.808118601078690699e+04 1.816466555002152745e+04 2.620067196329169747e+04
3.758914572864321144e+03 4.718847440717211517e-01 3.806625304739764397e+04 1.815753735576517647e+04 2.619035474157936187e+04
3.779005025125627981e+03 4.744068492539061377e-01 3.805142816722905263e+04 1.815046075463020679e+04 2.618011219483420064e+04
3.799095477386934363e+03 4.769289544360911237e-01 3.803672309875825158e+04 1.814344134516133272e+04 2.616995242629035420e+04
3.819185929648240744e+03 4.794510596182761097e-01 3.802214858144930622e+04 1.813648425380157641e+04 2.615988285587039354e+04
3.839276381909547581e+03 4.819731648004610958e-01 3.800771441710544605e+04 1.812959415940510371e+04 2.614991025566465760e+04
3.859366834170853963e+03 4.844952699826460818e-01 3.799342882545055181e+04 1.812277498562635083e+04 2.614004030470089856e+04
3.879457286432160345e+03 4.870173751648310678e-01 3.797929771913597506e+04 1.811602955484735503e+04 2.613027708804471331e+04
3.899547738693467181e+03 4.895394803470160539e-01 3.796532619529408839e+04 1.810936030016520454e+04 2.612062412731759468e+04
3.919638190954773563e+03 4.920615855292010399e-01 3.795151879242351424e+04 1.810276938801523647e+04 2.611108455817956929e+04
3.939728643216079945e+03 4.945836907113860259e-01 3.793787952703457995e+04 1.809625873566365772e+04 2.610166115564767097e+04
3.959819095477386782e+03 4.971057958935710119e-01 3.792441192884902557e+04 1.808983002800994655e+04 2.609235635841545081e+04
3.979909547738693163e+03 4.996279010757559980e-01 3.791111907455004257e+04 1.808348473369731073e+04 2.608317229217103159e+04
4.000000000000000000e+03 5.021500062579410395e-01 3.789800286778932059e+04 1.807722376142678331e+04 2.607411027215209833e+04
