2.000000000000000000e+00 3.740688366045448335e-04 4.145297082847022102e+04 1.977417442944245704e+04 2.853024651748780525e+04
2.532462311557789008e+02 4.736576153146392770e-02 7.245933090944174910e+04 3.457494451628768729e+04 4.995261815996464429e+04
5.044924623115578015e+02 9.435745422632331458e-02 5.407866932682019251e+04 2.580100441438436246e+04 3.725337315251332620e+04
7.557386934673367023e+02 1.413491469211826945e-01 4.714552459044414718e+04 2.249149368968314957e+04 3.246324613322226287e+04
1.006984924623115603e+03 1.883408396160420606e-01 4.322245495595344255e+04 2.061883106359132580e+04 2.975278752183074175e+04
1.258231155778894390e+03 2.353325323109014267e-01 4.113895104744032142e+04 1.962427826073359756e+04 2.831328946626526886e+04
1.509477386934673405e+03 2.823242250057608205e-01 4.006605670364318939e+04 1.911213615606381063e+04 2.757202408374658989e+04
1.760723618090452419e+03 3.293159177006202420e-01 3.932057109927182319e+04 1.875628138934693561e+04 2.705696621725548903e+04
2.011969849246231206e+03 3.763076103954796081e-01 3.877076419548693229e+04 1.849383311893307473e+04 2.667710325385954275e+04
2.263216080402009993e+03 4.232993030903389742e-01 3.837998317930724443e+04 1.830729526154913765e+04 2.640711167350104733e+04
2.514462311557788780e+03 4.702909957851983402e-01 3.807567757951342355e+04 1.816203612094294658e+04 2.619686617436326196e+04
2.765708542713568022e+03 5.172826884800577618e-01 3.782230003567208769e+04 1.804108729748311816e+04 2.602180699631551761e+04
3.016954773869346809e+03 5.642743811749171279e-01 3.760622988857248856e+04 1.793794702040768607e+04 2.587252359188091941e+04
3.268201005025125596e+03 6.112660738697764939e-01 3.741467890308568167e+04 1.784651087347863722e+04 2.574018053746032456e+04
3.519447236180904838e+03 6.582577665646359710e-01 3.723882171183561150e+04 1.776256610056709542e+04 2.561868036468534410e+04
3.770693467336683625e+03 7.052494592594953371e-01 3.707336918936552684e+04 1.768358795740636560e+04 2.550436880356423353e+04
4.021939698492462412e+03 7.522411519543547032e-01 3.691457006772126624e+04 1.760778579026027001e+04 2.539465409369571717e+04
4.273185929648241654e+03 7.992328446492140692e-01 3.675959805004096415e+04 1.753381047688615217e+04 2.528758353951708341e+04
4.524432160804019986e+03 8.462245373440733243e-01 3.660648745915832842e+04 1.746072370863612741e+04 2.518179904976332546e+04
4.775678391959799228e+03 8.932162300389328013e-01 3.645383128731967008e+04 1.738785385561817384e+04 2.507632851926230433e+04
5.026924623115577560e+03 9.402079227337920564e-01 3.630058558343364712e+04 1.731470259168101620e+04 2.497045067959695371e+04
5.278170854271356802e+03 9.871996154286515335e-01 3.614598656610865874e+04 1.724090532863227418e+04 2.486363783229566252e+04
5.529417085427136044e+03 1.034191308123511011e+00 3.598947730070348916e+04 1.716619621580272360e+04 2.475550518982343783e+04
5.780663316582914376e+03 1.081183000818370266e+00 3.583065498167843907e+04 1.709038297547362163e+04 2.464577445282660119e+04
6.031909547738693618e+03 1.128174693513229743e+00 3.566923323671082471e+04 1.701332890888716065e+04 2.453424776595193543e+04
6.283155778894472860e+03 1.175166386208089220e+00 3.550501459324629104e+04 1.693493975325764040e+04 2.442078869491832302e+04
6.534402010050251192e+03 1.222158078902948475e+00 3.533787002162642602e+04 1.685515391675992214e+04 2.430530809281242182e+04
6.785648241206030434e+03 1.269149771597807952e+00 3.516772360758030118e+04 1.677393516200052909e+04 2.418775351027476063e+04
7.036894472361809676e+03 1.316141464292667207e+00 3.499454091510989383e+04 1.669126705108452734e+04 2.406810115538829996e+04
7.288140703517588008e+03 1.363133156987526684e+00 3.481832004571797006e+04 1.660714867777135078e+04 2.394634971647654311e+04
7.539386934673367250e+03 1.410124849682385939e+00 3.463908468872756930e+04 1.652159135007081204e+04 2.382251556055197216e+04
7.790633165829145582e+03 1.457116542377245416e+00 3.445687871260105021e+04 1.643461600842943881e+04 2.369662899644483332e+04
8.041879396984924824e+03 1.504108235072104671e+00 3.427176188586428179e+04 1.634625118312965242e+04 2.356873131837893743e+04
8.293125628140704066e+03 1.551099927766964148e+00 3.408380646124426130e+04 1.625653136374061978e+04 2.343887244594391814e+04
8.544371859296483308e+03 1.598091620461823625e+00 3.389309443857352016e+04 1.616549569257587609e+04 2.330710903302888255e+04
8.795618090452260731e+03 1.645083313156682658e+00 3.369971535769729962e+04 1.607318691114587273e+04 2.317350294293662955e+04
9.046864321608039972e+03 1.692075005851542135e+00 3.350376450821191247e+04 1.597965050558322582e+04 2.303812001148731724e+04
9.298110552763819214e+03 1.739066698546401613e+00 3.330534146277135733e+04 1.588493400652213859e+04 2.290102903367633917e+04
9.549356783919598456e+03 1.786058391241261090e+00 3.310454888846592075e+04 1.578908642171437896e+04 2.276230094245287182e+04
9.800603015075377698e+03 1.833050083936120567e+00 3.290149157541085879e+04 1.569215777232979781e+04 2.262200813756932257e+04
1.005184924623115512e+04 1.880041776630979600e+00 3.269627562812041288e+04 1.559419870696165708e+04 2.248022392689970366e+04
1.030309547738693436e+04 1.927033469325839077e+00 3.248900779802271427e+04 1.549526018300515170e+04 2.233702206527236558e+04
1.055434170854271360e+04 1.974025162020698554e+00 3.227979493201574951e+04 1.539539320342764768e+04 2.219247637347608179e+04
1.080558793969849285e+04 2.021016854715557809e+00 3.206874351667357769e+04 1.529464859919724768e+04 2.204666042335089151e+04
1.105683417085427209e+04 2.068008547410417286e+00 3.185595930167660845e+04 1.519307684952861382e+04 2.189964727761518225e+04
1.130808040201005133e+04 2.115000240105276763e+00 3.164154698914248002e+04 1.509072793358623858e+04 2.175150927522360507e+04
1.155932663316582875e+04 2.161991932800135796e+00 3.142560997771620896e+04 1.498765120832682624e+04 2.160231785455832141e+04
1.181057286432160799e+04 2.208983625494995273e+00 3.120825015308145885e+04 1.488389530850063602e+04 2.145214340869272201e+04
1.206181909547738724e+04 2.255975318189854750e+00 3.098956771777606991e+04 1.477950806541457314e+04 2.130105516781052575e+04
1.231306532663316648e+04 2.302967010884714227e+00 3.076966105322164003e+04 1.467453644107249056e+04 2.114912110388170186e+04
1.256431155778894572e+04 2.349958703579573704e+00 3.054862660937538749e+04 1.456902647550094480e+04 2.099640785442264678e+04
1.281555778894472314e+04 2.396950396274432737e+00 3.032655881781348944e+04 1.446302324525987024e+04 2.084298066244526854e+04
1.306680402010050238e+04 2.443942088969292215e+00 3.010355002469278043e+04 1.435657083144203534e+04 2.068890333014002317e+04
1.331805025125628163e+04 2.490933781664151692e+00 2.987969044059731823e+04 1.424971229573254277e+04 2.053423818422479962e+04
1.356929648241206087e+04 2.537925474359011169e+00 2.965506810474049053e+04 1.414248966332083182e+04 2.037904605121208078e+04
1.382054271356784011e+04 2.584917167053870646e+00 2.942976886137788097e+04 1.403494391164143781e+04 2.022338624111252284e+04
1.407178894472361935e+04 2.631908859748730123e+00 2.920387634660651383e+04 1.392711496407263621e+04 2.006731653831449512e+04
1.432303517587939677e+04 2.678900552443589156e+00 2.897747198390690755e+04 1.381904168780852342e+04 1.991089319850410902e+04
1.457428140703517602e+04 2.725892245138448633e+00 2.875063498674120274e+04 1.371076189509914002e+04 1.975417095046024770e+04
1.482552763819095526e+04 2.772883937833308110e+00 2.852344236858496879e+04 1.360231234803919688e+04 1.959720300298558868e+04
1.507677386934673450e+04 2.819875630528167587e+00 2.829596895813291849e+04 1.349372876582641220e+04 1.944004105541225726e+04
1.532802010050251374e+04 2.866867323223027064e+00 2.806828741868961151e+04 1.338504583401760829e+04 1.928273531099890533e+04
1.557926633165829116e+04 2.913859015917886097e+00 2.784046827139184097e+04 1.327629721561384576e+04 1.912533449297511470e+04
1.583051256281407041e+04 2.960850708612745574e+00 2.761257992163956442e+04 1.316751556367708690e+04 1.896788586280262462e+04
1.608175879396984965e+04 3.007842401307605051e+00 2.738468868819667841e+04 1.305873253522139930e+04 1.881043524028108732e+04
1.633300502512562889e+04 3.054834094002464528e+00 2.715685883449501125e+04 1.294997880615574104e+04 1.865302702517609941e+04
1.658425125628140813e+04 3.101825786697324006e+00 2.692915260173974821e+04 1.284128408708677671e+04 1.849570422009182221e+04
1.683549748743718737e+04 3.148817479392183483e+00 2.670163024346738166e+04 1.273267713981492852e+04 1.833850845434714938e+04
1.708674371859296662e+04 3.195809172087042960e+00 2.647435006125579457e+04 1.262418579438046618e+04 1.818148000864789356e+04
1.733798994974874586e+04 3.242800864781901993e+00 2.624736844132529586e+04 1.251583696653489824e+04 1.802465784037452977e+04
1.758923618090452146e+04 3.289792557476761026e+00 2.602073989180570788e+04 1.240765667553024105e+04 1.786807960933013237e+04
1.784048241206030070e+04 3.336784250171620503e+00 2.579467231087459731e+04 1.229974416078446120e+04 1.771188895288497224e+04
1.809172864321607994e+04 3.383775942866479980e+00 2.556889927575988258e+04 1.219197224638317130e+04 1.755590179888022249e+04
1.834297487437185919e+04 3.430767635561339457e+00 2.534363208476609361e+04 1.208444179478222395e+04 1.740026413384235275e+04
1.859422110552763843e+04 3.477759328256198934e+00 2.511891811614476319e+04 1.197717542181288809e+04 1.724500869152371524e+04
1.884546733668341767e+04 3.524751020951058411e+00 2.489480306045641191e+04 1.187019493769345354e+04 1.709016703964673070e+04
1.909671356783919691e+04 3.571742713645917444e+00 2.467133095859482637e+04 1.176352136517994950e+04 1.693576960617493387e+04
1.934795979899497615e+04 3.618734406340776921e+00 2.444854423955157108e+04 1.165717495759290068e+04 1.678184570540460118e+04
1.959920603015075540e+04 3.665726099035636398e+00 2.422648375785117969e+04 1.155117521668688096e+04 1.662842356382879370e+04
1.985045226130653464e+04 3.712717791730495875e+00 2.400518883059328437e+04 1.144554091033245277e+04 1.647553034572988327e+04
2.010169849246231024e+04 3.759709484425354908e+00 2.378469727405104641e+04 1.134029008998623794e+04 1.632319217846545507e+04
2.035294472361808948e+04 3.806701177120214385e+00 2.356504543978298534e+04 1.123544010792882909e+04 1.617143417741812846e+04
2.060419095477386873e+04 3.853692869815073418e+00 2.334617998419285504e+04 1.113096550079395092e+04 1.602021948736396189e+04
2.085543718592964797e+04 3.900684562509932896e+00 2.312831610126934174e+04 1.102696899062772900e+04 1.586969678636737444e+04
2.110668341708542721e+04 3.947676255204792373e+00 2.291139238885277882e+04 1.092342126733876648e+04 1.571982365152285638e+04
2.135792964824120645e+04 3.994667947899651850e+00 2.269543968822037277e+04 1.082033705289544741e+04 1.557062139114585989e+04
2.160917587939698569e+04 4.041659640594511771e+00 2.248048754899251799e+04 1.071773045269862450e+04 1.542211042114295014e+04
2.186042211055276493e+04 4.088651333289370804e+00 2.226656426202946386e+04 1.061561497128468181e+04 1.527431028774015067e+04
2.211166834170854418e+04 4.135643025984230725e+00 2.205369689173261213e+04 1.051400352774447310e+04 1.512723968980000973e+04
2.236291457286432342e+04 4.182634718679089758e+00 2.184191130774642443e+04 1.041290847085607857e+04 1.498091650072451193e+04
2.261416080402010266e+04 4.229626411373948791e+00 2.163123221604496212e+04 1.031234159392387483e+04 1.483535778993284839e+04
2.286540703517587826e+04 4.276618104068807824e+00 2.142168318938193624e+04 1.021231414931372274e+04 1.469057984389945887e+04
2.311665326633165751e+04 4.323609796763667745e+00 2.121328669722955965e+04 1.011283686274421052e+04 1.454659818683883532e+04
2.336789949748743675e+04 4.370601489458526778e+00 2.100606413508817423e+04 1.001391994727744714e+04 1.440342760095560880e+04
2.361914572864321599e+04 4.417593182153386699e+00 2.080003585317523175e+04 9.915573117013658702e+03 1.426108214626586232e+04
2.387039195979899523e+04 4.464584874848245732e+00 2.059522118452117866e+04 9.817805600502668312e+03 1.411957518000861819e+04
2.412163819095477447e+04 4.511576567543104765e+00 2.039163847247706144e+04 9.720626153874538431e+03 1.397891937565095213e+04
2.437288442211055371e+04 4.558568260237964687e+00 2.018930509764048838e+04 9.624043073692562757e+03 1.383912674149117629e+04
2.462413065326633296e+04 4.605559952932823720e+00 1.998823750420602300e+04 9.528064209531557935e+03 1.370020863886438383e+04
2.487537688442211220e+04 4.652551645627683641e+00 1.978845122574800916e+04 9.432696976285167693e+03 1.356217579995591223e+04
2.512662311557789144e+04 4.699543338322542674e+00 1.958996091044310378e+04 9.337948366205775528e+03 1.342503834522759462e+04
2.537786934673367068e+04 4.746535031017402595e+00 1.939278034574108460e+04 9.243824960680985896e+03 1.328880580046293471e+04
2.562911557788944629e+04 4.793526723712260740e+00 1.919692248249187833e+04 9.150332941750606551e+03 1.315348711343650029e+04
2.588036180904522553e+04 4.840518416407120661e+00 1.900239945853805330e+04 9.057478103368423035e+03 1.301909067021404917e+04
2.613160804020100477e+04 4.887510109101979694e+00 1.880922262178122401e+04 8.965265862412848946e+03 1.288562431108914643e+04
2.638285427135678401e+04 4.934501801796839615e+00 1.861740255273162620e+04 8.873701269450895779e+03 1.275309534616275960e+04
2.663410050251256325e+04 4.981493494491698648e+00 1.842694908655018298e+04 8.782789019259873385e+03 1.262151057057213620e+04
2.688534673366834249e+04 5.028485187186558569e+00 1.823787133459148754e+04 8.692533461110830103e+03 1.249087627937492289e+04
2.713659296482412174e+04 5.075476879881417602e+00 1.805017770545801977e+04 8.602938608818736611e+03 1.236119828209558364e+04
2.738783919597990098e+04 5.122468572576277523e+00 1.786387592557382231e+04 8.514008150563231538e+03 1.223248191693979606e+04
2.763908542713568022e+04 5.169460265271136556e+00 1.767897305928750939e+04 8.425745458484714618e+03 1.210473206468366152e+04
2.789033165829145946e+04 5.216451957965996478e+00 1.749547552851315777e+04 8.338153598059869182e+03 1.197795316224366798e+04
2.814157788944723870e+04 5.263443650660855511e+00 1.731338913191885149e+04 8.251235337261228779e+03 1.185214921593406507e+04
2.839282412060301431e+04 5.310435343355714544e+00 1.713271906367128031e+04 8.164993155504845163e+03 1.172732381441760299e+04
2.864407035175879355e+04 5.357427036050573577e+00 1.695346993174817180e+04 8.079429252391666523e+03 1.160348014135761332e+04
2.889531658291457279e+04 5.404418728745433498e+00 1.677564577581883714e+04 7.994545556242741441e+03 1.148062098777171013e+04
2.914656281407035203e+04 5.451410421440292531e+00 1.659925008470800822e+04 7.910343732435507263e+03 1.135874876409760691e+04
2.939780904522613127e+04 5.498402114135152452e+00 1.642428581345169732e+04 7.826825191545371126e+03 1.123786551197709196e+04
2.964905527638191052e+04 5.545393806830011485e+00 1.625075539995244981e+04 7.743991097295984218e+03 1.111797291576309544e+04
2.990030150753768976e+04 5.592385499524871406e+00 1.607866078124097112e+04 7.661842374321721763e+03 1.099907231375499214e+04
3.015154773869346900e+04 5.639377192219730439e+00 1.590800340935334498e+04 7.580379715746585134e+03 1.088116470916812796e+04
3.040279396984924824e+04 5.686368884914590360e+00 1.573878426683082398e+04 7.499603590582963989e+03 1.076425078084271263e+04
3.065404020100502748e+04 5.733360577609449393e+00 1.557100388185036172e+04 7.419514250954150157e+03 1.064833089369752634e+04
3.090528643216080309e+04 5.780352270304308426e+00 1.540466234299359348e+04 7.340111739144257626e+03 1.053340510893383180e+04
3.115653266331658233e+04 5.827343962999167459e+00 1.523975931366152690e+04 7.261395894479018352e+03 1.041947319399455773e+04
3.140777889447236157e+04 5.874335655694027380e+00 1.507629404614293890e+04 7.183366360041275584e+03 1.030653463228414694e+04
3.165902512562814081e+04 5.921327348388886413e+00 1.491426539534346193e+04 7.106022589224509829e+03 1.019458863265403488e+04
3.191027135678392006e+04 5.968319041083746335e+00 1.475367183218291757e+04 7.029363852128011786e+03 1.008363413865891562e+04
3.216151758793969930e+04 6.015310733778605368e+00 1.459451145666836419e+04 6.953389241797259274e+03 9.973669837588911832e+03
3.241276381909547854e+04 6.062302426473465289e+00 1.443678201064989298e+04 6.878097680312829652e+03 9.864694169282611256e+03
3.266401005025125778e+04 6.109294119168324322e+00 1.428048089026605703e+04 6.803487924731191015e+03 9.756705334725627836e+03
3.291525628140703338e+04 6.156285811863183355e+00 1.412560515808632590e+04 6.729558572880867359e+03 9.649701304439891828e+03
3.316650251256281626e+04 6.203277504558043276e+00 1.397215155495709041e+04 6.656308069017059097e+03 9.543679826668008900e+03
3.341774874371859187e+04 6.250269197252902309e+00 1.382011651155765867e+04 6.583734709337880304e+03 9.438638435357413982e+03
3.366899497487437475e+04 6.297260889947762230e+00 1.366949615967252430e+04 6.511836647365113095e+03 9.334574457948332565e+03
3.392024120603015035e+04 6.344252582642621263e+00 1.352028634318646800e+04 6.440611899192696001e+03 9.231485022970386126e+03
3.417148743718593323e+04 6.391244275337481184e+00 1.337248262880723996e+04 6.370058348605141873e+03 9.129367067450881223e+03
3.442273366834170884e+04 6.438235968032339329e+00 1.322608031652220780e+04 6.300173752068994872e+03 9.028217344139355191e+03
3.467397989949749172e+04 6.485227660727200139e+00 1.308107444979353022e+04 6.230955743599435664e+03 8.928032428551419798e+03
3.492522613065326732e+04 6.532219353422058283e+00 1.293745982549675682e+04 6.162401839504461350e+03 8.828808725835406221e+03
3.517647236180904292e+04 6.579211046116917316e+00 1.279523100360775788e+04 6.094509443008883864e+03 8.730542477465036427e+03
3.542771859296482580e+04 6.626202738811777238e+00 1.265438231664231353e+04 6.027275848760296867e+03 8.633229767761315088e+03
3.567896482412060141e+04 6.673194431506636271e+00 1.251490787885192549e+04 5.960698247218653705e+03 8.536866530245893955e+03
3.593021105527638429e+04 6.720186124201496192e+00 1.237680159517797074e+04 5.894773728930512334e+03 8.441448553827556680e+03
3.618145728643215989e+04 6.767177816896355225e+00 1.224005716997872150e+04 5.829499288694813004e+03 8.346971488831684837e+03
3.643270351758794277e+04 6.814169509591215146e+00 1.210466811552616855e+04 5.764871829618847187e+03 8.253430852870802482e+03
3.668394974874371837e+04 6.861161202286074179e+00 1.197062776027601649e+04 5.700888167065885682e+03 8.160822036558289255e+03
3.693519597989950125e+04 6.908152894980934100e+00 1.183792925691799792e+04 5.637545032497961984e+03 8.069140309070372496e+03
3.718644221105527686e+04 6.955144587675793133e+00 1.170656559021210523e+04 5.574839077216483020e+03 7.978380823560200952e+03
3.743768844221105974e+04 7.002136280370653054e+00 1.157652958461638264e+04 5.512766876003312063e+03 7.888538622427911832e+03
3.768893467336683534e+04 7.049127973065512087e+00 1.144781391171239557e+04 5.451324930665311513e+03 7.799608642450905791e+03
3.794018090452261094e+04 7.096119665760370232e+00 1.132041109743376910e+04 5.390509673484824816e+03 7.711585719778044222e+03
3.819142713567839382e+04 7.143111358455231041e+00 1.119431352910459100e+04 5.330317470579468136e+03 7.624464594792530079e+03
3.844267336683416943e+04 7.190103051150089186e+00 1.106951346229326191e+04 5.270744625173761960e+03 7.538239916847215682e+03
3.869391959798995231e+04 7.237094743844949996e+00 1.094600302748752256e+04 5.211787380785442110e+03 7.452906248876418431e+03
3.894516582914572791e+04 7.284086436539808140e+00 1.082377423659607848e+04 5.153441924328991263e+03 7.368458071887917868e+03
3.919641206030151079e+04 7.331078129234668950e+00 1.070281898928175360e+04 5.095704389138735678e+03 7.284889789338515584e+03
3.944765829145728640e+04 7.378069821929527095e+00 1.058312907913013441e+04 5.038570857913428881e+03 7.202195731395992880e+03
3.969890452261306928e+04 7.425061514624387016e+00 1.046469619965747370e+04 4.982037365584104009e+03 7.120370159089972731e+03
3.995015075376884488e+04 7.472053207319246049e+00 1.034751195016036581e+04 4.926099902106388072e+03 7.039407268353489599e+03
4.020139698492462048e+04 7.519044900014105082e+00 1.023156784140942364e+04 4.870754415178370436e+03 6.959301193956748648e+03
4.045264321608040336e+04 7.566036592708965003e+00 1.011685530118801034e+04 4.815996812884475730e+03 6.880046013333860174e+03
4.070388944723617897e+04 7.613028285403824036e+00 1.000336567967716655e+04 4.761822966265959622e+03 6.801635750303298664e+03
4.095513567839196185e+04 7.660019978098683957e+00 9.891090254686929256e+03 4.708228711818041120e+03 6.724064378682223833e+03
4.120638190954773745e+04 7.707011670793542990e+00 9.780020236734411810e+03 4.655209853913921506e+03 6.647325825794952834e+03
4.145762814070352033e+04 7.754003363488402911e+00 9.670146773968679554e+03 4.602762167155643510e+03 6.571413975875560027e+03
4.170887437185929593e+04 7.800995056183261944e+00 9.561460956943275960e+03 4.550881398652243661e+03 6.496322673365229093e+03
4.196012060301507881e+04 7.847986748878121865e+00 9.453953823237274264e+03 4.499563270225593442e+03 6.422045726104955065e+03
4.221136683417085442e+04 7.894978441572980898e+00 9.347616361926382524e+03 4.448803480544665035e+03 6.348576908424629437e+03
4.246261306532663730e+04 7.941970134267840820e+00 9.242439517906914261e+03 4.398597707189555877e+03 6.275909964130493790e+03
4.271385929648241290e+04 7.988961826962698964e+00 9.138414196075855216e+03 4.348941608646843633e+03 6.204038609393152910e+03
4.296510552763818851e+04 8.035953519657558886e+00 9.035531265371462723e+03 4.299830826238330701e+03 6.132956535539240576e+03
4.321635175879397138e+04 8.082945212352418807e+00 8.933781562679605486e+03 4.251260985985740263e+03 6.062657411750303254e+03
4.346759798994974699e+04 8.129936905047276952e+00 8.833155896611971912e+03 4.203227700414220635e+03 5.993134887673203593e+03
4.371884422110552987e+04 8.176928597742136873e+00 8.733645051162597156e+03 4.155726570297770195e+03 5.924382595946389301e+03
4.397009045226130547e+04 8.223920290436996794e+00 8.635239789250124886e+03 4.108753186350128090e+03 5.856394154647276991e+03
4.422133668341708835e+04 8.270911983131856715e+00 8.537930856152501292e+03 4.062303130864316699e+03 5.789163169665280293e+03
4.447258291457286396e+04 8.317903675826714860e+00 8.441708982841379111e+03 4.016371979304303750e+03 5.722683237005556293e+03
4.472382914572864684e+04 8.364895368521574781e+00 8.346564889222696365e+03 3.970955301851873628e+03 5.656947945027929563e+03
4.497507537688442244e+04 8.411887061216432926e+00 8.252489287290205539e+03 3.926048664911962078e+03 5.591950876625686760e+03
4.522632160804020532e+04 8.458878753911294623e+00 8.159472884196045925e+03 3.881647632578376033e+03 5.527685611347017584e+03
4.547756783919598092e+04 8.505870446606152768e+00 8.067506385238210896e+03 3.837747768059860391e+03 5.464145727459091177e+03
4.572881407035175653e+04 8.552862139301010913e+00 7.976580496773021878e+03 3.794344635070339791e+03 5.401324803960271311e+03
4.598006030150753941e+04 8.599853831995870834e+00 7.886685929052404390e+03 3.751433799183293559e+03 5.339216422540394888e+03
4.623130653266331501e+04 8.646845524690730755e+00 7.797813398985155800e+03 3.709010829149839992e+03 5.277814169488571679e+03
4.648255276381909789e+04 8.693837217385590677e+00 7.709953632821373503e+03 3.667071298180119811e+03 5.217111637547820465e+03
4.673379899497487349e+04 8.740828910080448821e+00 7.623097368757816184e+03 3.625610785186981957e+03 5.157102427715140038e+03
4.698504522613065637e+04 8.787820602775308743e+00 7.537235359461418739e+03 3.584624875990550208e+03 5.097780150985016007e+03
4.723629145728643198e+04 8.834812295470168664e+00 7.452358374507585722e+03 3.544109164482147207e+03 5.039138430034037810e+03
4.748753768844221486e+04 8.881803988165028585e+00 7.368457202729960954e+03 3.504059253745944261e+03 4.981170900844354037e+03
4.773878391959799046e+04 8.928795680859886730e+00 7.285522654478283584e+03 3.464470757136735301e+03 4.923871214263641377e+03
4.799003015075377334e+04 8.975787373554746651e+00 7.203545563781480269e+03 3.425339299312491676e+03 4.867233037499589045e+03
4.824127638190954895e+04 9.022779066249606572e+00 7.122516790414130810e+03 3.386660517220773727e+03 4.811250055547617194e+03
4.849252261306532455e+04 9.069770758944464717e+00 7.042427221864814783e+03 3.348430061038317035e+03 4.755915972550817969e+03
4.874376884422110743e+04 9.116762451639324638e+00 6.963267775206359147e+03 3.310643595063785142e+03 4.701224513092121015e+03
4.899501507537688303e+04 9.163754144334182783e+00 6.885029398869302895e+03 3.273296798564330857e+03 4.647169423419568375e+03
4.924626130653266591e+04 9.210745837029044480e+00 6.807703074320808810e+03 3.236385366577013883e+03 4.593744472606290401e+03
4.949750753768844152e+04 9.257737529723902625e+00 6.731279817652696693e+03 3.199905010666845556e+03 4.540943453647687420e+03
4.974875376884422440e+04 9.304729222418762546e+00 6.655750681083330164e+03 3.163851459643707130e+03 4.488760184499067691e+03
5.000000000000000000e+04 9.351720915113620691e+00 6.581106754379211452e+03 3.128220460240943794e+03 4.437188509057848933e+03
