2.000000000000000000e+00 1.850050275717585050e-03 1.552616977489185333e+09
2.711557788944723768e+01 2.508259117530675653e-02 1.552616977489185333e+09
5.223115577889447536e+01 4.831513207489593342e-02 1.552616977489185333e+09
7.734673366834171304e+01 7.154767297448511032e-02 1.552616977489185333e+09
1.024623115577889507e+02 9.478021387407427334e-02 1.552616977489185333e+09
1.275778894472361884e+02 1.180127547736634502e-01 1.552616977489185333e+09
1.526934673366834261e+02 1.412452956732526133e-01 1.552616977489185333e+09
1.778090452261306496e+02 1.644778365728417902e-01 1.552616977489185333e+09
2.029246231155779014e+02 1.877103774724309670e-01 1.552616977489185333e+09
2.280402010050251533e+02 2.109429183720201439e-01 1.552616977489185333e+09
2.531557788944723768e+02 2.341754592716093208e-01 1.552616977489185333e+09
2.782713567839196003e+02 2.574080001711984700e-01 1.552616977489185333e+09
3.033869346733668522e+02 2.806405410707876746e-01 1.552616977489185333e+09
3.285025125628141041e+02 3.038730819703768238e-01 1.552616977489185333e+09
3.536180904522612991e+02 3.271056228699659729e-01 1.552616977489185333e+09
3.787336683417085510e+02 3.503381637695551776e-01 1.552616977489185333e+09
4.038492462311558029e+02 3.735707046691443822e-01 1.552616977489185333e+09
4.289648241206030548e+02 3.968032455687335314e-01 1.552616977489185333e+09
4.540804020100503067e+02 4.200357864683227360e-01 1.552616977489185333e+09
4.791959798994975017e+02 4.432683273679118852e-01 1.552616977489185333e+09
5.043115577889447536e+02 4.665008682675010343e-01 1.552616977489185333e+09
5.294271356783920055e+02 4.897334091670902390e-01 1.552616977489185333e+09
5.545427135678392006e+02 5.129659500666793326e-01 1.552616977489185333e+09
5.796582914572865093e+02 5.361984909662685928e-01 1.552616977489185333e+09
6.047738693467337043e+02 5.594310318658577419e-01 1.552616977489185333e+09
6.298894472361808994e+02 5.826635727654468910e-01 1.552616977489185333e+09
6.550050251256282081e+02 6.058961136650361512e-01 1.552616977489185333e+09
6.801206030150754032e+02 6.291286545646253003e-01 1.552616977489185333e+09
7.052361809045225982e+02 6.523611954642143385e-01 1.552616977489185333e+09
7.303517587939699069e+02 6.755937363638035986e-01 1.552616977489185333e+09
7.554673366834171020e+02 6.988262772633927478e-01 1.552616977489185333e+09
7.805829145728644107e+02 7.220588181629820079e-01 1.552616977489185333e+09
8.056984924623116058e+02 7.452913590625711571e-01 1.552616977489185333e+09
8.308140703517588008e+02 7.685238999621603062e-01 1.552616977489185333e+09
8.559296482412061096e+02 7.917564408617494554e-01 1.552616977489185333e+09
8.810452261306533046e+02 8.149889817613386045e-01 1.552616977489185333e+09
9.061608040201006133e+02 8.382215226609278647e-01 1.552616977489185333e+09
9.312763819095478084e+02 8.614540635605170138e-01 1.552616977489185333e+09
9.563919597989950034e+02 8.846866044601061629e-01 1.552616977489185333e+09
9.815075376884423122e+02 9.079191453596954231e-01 1.552616977489185333e+09
1.006623115577889507e+03 9.311516862592844612e-01 1.552616977489185333e+09
1.031738693467336816e+03 9.543842271588737214e-01 1.552616977489185333e+09
1.056854271356784011e+03 9.776167680584628705e-01 1.552616977489185333e+09
1.081969849246231206e+03 1.000849308958051909e+00 1.552616977489185333e+09
1.107085427135678401e+03 1.024081849857641169e+00 1.552616977489185333e+09
1.132201005025125596e+03 1.047314390757230207e+00 1.552616977489185333e+09
1.157316582914573019e+03 1.070546931656819689e+00 1.552616977489185333e+09
1.182432160804020214e+03 1.093779472556408727e+00 1.552616977489185333e+09
1.207547738693467409e+03 1.117012013455997987e+00 1.552616977489185333e+09
1.232663316582914604e+03 1.140244554355587026e+00 1.552616977489185333e+09
1.257778894472361799e+03 1.163477095255176064e+00 1.552616977489185333e+09
1.282894472361809221e+03 1.186709636154765546e+00 1.552616977489185333e+09
1.308010050251256416e+03 1.209942177054354584e+00 1.552616977489185333e+09
1.333125628140703611e+03 1.233174717953943844e+00 1.552616977489185333e+09
1.358241206030150806e+03 1.256407258853532882e+00 1.552616977489185333e+09
1.383356783919598001e+03 1.279639799753122142e+00 1.552616977489185333e+09
1.408472361809045196e+03 1.302872340652711181e+00 1.552616977489185333e+09
1.433587939698492619e+03 1.326104881552300441e+00 1.552616977489185333e+09
1.458703517587939814e+03 1.349337422451889701e+00 1.552616977489185333e+09
1.483819095477387009e+03 1.372569963351478739e+00 1.552616977489185333e+09
1.508934673366834204e+03 1.395802504251067999e+00 1.552616977489185333e+09
1.534050251256281399e+03 1.419035045150657037e+00 1.552616977489185333e+09
1.559165829145728821e+03 1.442267586050246297e+00 1.552616977489185333e+09
1.584281407035176017e+03 1.465500126949835558e+00 1.552616977489185333e+09
1.609396984924623212e+03 1.488732667849424596e+00 1.552616977489185333e+09
1.634512562814070407e+03 1.511965208749013856e+00 1.552616977489185333e+09
1.659628140703517602e+03 1.535197749648602894e+00 1.552616977489185333e+09
1.684743718592965024e+03 1.558430290548192376e+00 1.552616977489185333e+09
1.709859296482412219e+03 1.581662831447781414e+00 1.552616977489185333e+09
1.734974874371859414e+03 1.604895372347370452e+00 1.552616977489185333e+09
1.760090452261306609e+03 1.628127913246959713e+00 1.552616977489185333e+09
1.785206030150753804e+03 1.651360454146548751e+00 1.552616977489185333e+09
1.810321608040201227e+03 1.674592995046138233e+00 1.552616977489185333e+09
1.835437185929648422e+03 1.697825535945727271e+00 1.552616977489185333e+09
1.860552763819095617e+03 1.721058076845316531e+00 1.552616977489185333e+09
1.885668341708542812e+03 1.744290617744905569e+00 1.552616977489185333e+09
1.910783919597990007e+03 1.767523158644494607e+00 1.552616977489185333e+09
1.935899497487437202e+03 1.790755699544083868e+00 1.552616977489185333e+09
1.961015075376884624e+03 1.813988240443673128e+00 1.552616977489185333e+09
1.986130653266331819e+03 1.837220781343262388e+00 1.552616977489185333e+09
2.011246231155779014e+03 1.860453322242851426e+00 1.552616977489185333e+09
2.036361809045226209e+03 1.883685863142440464e+00 1.552616977489185333e+09
2.061477386934673632e+03 1.906918404042029946e+00 1.552616977489185333e+09
2.086592964824120827e+03 1.930150944941618985e+00 1.552616977489185333e+09
2.111708542713568022e+03 1.953383485841208245e+00 1.552616977489185333e+09
2.136824120603015217e+03 1.976616026740797283e+00 1.552616977489185333e+09
2.161939698492462412e+03 1.999848567640386543e+00 1.552616977489185333e+09
2.187055276381909607e+03 2.023081108539975581e+00 1.552616977489185333e+09
2.212170854271356802e+03 2.046313649439564841e+00 1.552616977489185333e+09
2.237286432160803997e+03 2.069546190339153657e+00 1.552616977489185333e+09
2.262402010050251192e+03 2.092778731238742917e+00 1.552616977489185333e+09
2.287517587939698842e+03 2.116011272138332622e+00 1.552616977489185333e+09
2.312633165829146037e+03 2.139243813037921882e+00 1.552616977489185333e+09
2.337748743718593232e+03 2.162476353937510698e+00 1.552616977489185333e+09
2.362864321608040427e+03 2.185708894837099958e+00 1.552616977489185333e+09
2.387979899497487622e+03 2.208941435736689218e+00 1.552616977489185333e+09
2.413095477386934817e+03 2.232173976636278034e+00 1.552616977489185333e+09
2.438211055276382012e+03 2.255406517535867295e+00 1.552616977489185333e+09
2.463326633165829207e+03 2.278639058435456555e+00 1.552616977489185333e+09
2.488442211055276402e+03 2.301871599335045815e+00 1.552616977489185333e+09
2.513557788944723598e+03 2.325104140234634631e+00 1.552616977489185333e+09
2.538673366834170793e+03 2.348336681134223891e+00 1.552616977489185333e+09
2.563788944723618442e+03 2.371569222033813595e+00 1.552616977489185333e+09
2.588904522613065637e+03 2.394801762933402411e+00 1.552616977489185333e+09
2.614020100502512832e+03 2.418034303832991672e+00 1.552616977489185333e+09
2.639135678391960028e+03 2.441266844732580932e+00 1.552616977489185333e+09
2.664251256281407223e+03 2.464499385632169748e+00 1.552616977489185333e+09
2.689366834170854418e+03 2.487731926531759008e+00 1.552616977489185333e+09
2.714482412060301613e+03 2.510964467431348268e+00 1.552616977489185333e+09
2.739597989949748808e+03 2.534197008330937528e+00 1.552616977489185333e+09
2.764713567839196003e+03 2.557429549230526344e+00 1.552616977489185333e+09
2.789829145728643198e+03 2.580662090130115605e+00 1.552616977489185333e+09
2.814944723618090393e+03 2.603894631029704865e+00 1.552616977489185333e+09
2.840060301507538043e+03 2.627127171929294125e+00 1.552616977489185333e+09
2.865175879396985238e+03 2.650359712828883385e+00 1.552616977489185333e+09
2.890291457286432433e+03 2.673592253728472645e+00 1.552616977489185333e+09
2.915407035175879628e+03 2.696824794628061905e+00 1.552616977489185333e+09
2.940522613065326823e+03 2.720057335527650721e+00 1.552616977489185333e+09
2.965638190954774018e+03 2.743289876427239982e+00 1.552616977489185333e+09
2.990753768844221213e+03 2.766522417326829242e+00 1.552616977489185333e+09
3.015869346733668408e+03 2.789754958226418058e+00 1.552616977489185333e+09
3.040984924623115603e+03 2.812987499126007318e+00 1.552616977489185333e+09
3.066100502512562798e+03 2.836220040025596578e+00 1.552616977489185333e+09
3.091216080402010448e+03 2.859452580925186282e+00 1.552616977489185333e+09
3.116331658291457643e+03 2.882685121824775099e+00 1.552616977489185333e+09
3.141447236180904838e+03 2.905917662724364359e+00 1.552616977489185333e+09
3.166562814070352033e+03 2.929150203623953619e+00 1.552616977489185333e+09
3.191678391959799228e+03 2.952382744523542435e+00 1.552616977489185333e+09
3.216793969849246423e+03 2.975615285423131695e+00 1.552616977489185333e+09
3.241909547738693618e+03 2.998847826322720955e+00 1.552616977489185333e+09
3.267025125628140813e+03 3.022080367222310215e+00 1.552616977489185333e+09
3.292140703517588008e+03 3.045312908121899031e+00 1.552616977489185333e+09
3.317256281407035203e+03 3.068545449021488292e+00 1.552616977489185333e+09
3.342371859296482398e+03 3.091777989921077552e+00 1.552616977489185333e+09
3.367487437185930048e+03 3.115010530820666812e+00 1.552616977489185333e+09
3.392603015075377243e+03 3.138243071720256072e+00 1.552616977489185333e+09
3.417718592964824438e+03 3.161475612619845332e+00 1.552616977489185333e+09
3.442834170854271633e+03 3.184708153519434592e+00 1.552616977489185333e+09
3.467949748743718828e+03 3.207940694419023409e+00 1.552616977489185333e+09
3.493065326633166023e+03 3.231173235318612669e+00 1.552616977489185333e+09
3.518180904522613218e+03 3.254405776218201929e+00 1.552616977489185333e+09
3.543296482412060413e+03 3.277638317117790745e+00 1.552616977489185333e+09
3.568412060301507609e+03 3.300870858017380005e+00 1.552616977489185333e+09
3.593527638190954804e+03 3.324103398916969265e+00 1.552616977489185333e+09
3.618643216080402453e+03 3.347335939816558525e+00 1.552616977489185333e+09
3.643758793969849648e+03 3.370568480716147786e+00 1.552616977489185333e+09
3.668874371859296843e+03 3.393801021615737046e+00 1.552616977489185333e+09
3.693989949748744039e+03 3.417033562515326306e+00 1.552616977489185333e+09
3.719105527638191234e+03 3.440266103414915122e+00 1.552616977489185333e+09
3.744221105527638429e+03 3.463498644314504382e+00 1.552616977489185333e+09
3.769336683417085624e+03 3.486731185214093642e+00 1.552616977489185333e+09
3.794452261306532819e+03 3.509963726113682458e+00 1.552616977489185333e+09
3.819567839195980014e+03 3.533196267013271719e+00 1.552616977489185333e+09
3.844683417085427209e+03 3.556428807912860979e+00 1.552616977489185333e+09
3.869798994974874404e+03 3.579661348812450239e+00 1.552616977489185333e+09
3.894914572864322054e+03 3.602893889712039499e+00 1.552616977489185333e+09
3.920030150753769249e+03 3.626126430611628759e+00 1.552616977489185333e+09
3.945145728643216444e+03 3.649358971511218019e+00 1.552616977489185333e+09
3.970261306532663639e+03 3.672591512410806835e+00 1.552616977489185333e+09
3.995376884422110834e+03 3.695824053310396096e+00 1.552616977489185333e+09
4.020492462311558029e+03 3.719056594209985356e+00 1.552616977489185333e+09
4.045608040201005224e+03 3.742289135109574616e+00 1.552616977489185333e+09
4.070723618090452419e+03 3.765521676009163432e+00 1.552616977489185333e+09
4.095839195979899614e+03 3.788754216908752692e+00 1.552616977489185333e+09
4.120954773869347264e+03 3.811986757808342396e+00 1.552616977489185333e+09
4.146070351758794459e+03 3.835219298707931213e+00 1.552616977489185333e+09
4.171185929648241654e+03 3.858451839607520473e+00 1.552616977489185333e+09
4.196301507537688849e+03 3.881684380507109733e+00 1.552616977489185333e+09
4.221417085427136044e+03 3.904916921406698993e+00 1.552616977489185333e+09
4.246532663316583239e+03 3.928149462306287809e+00 1.552616977489185333e+09
4.271648241206030434e+03 3.951382003205877069e+00 1.552616977489185333e+09
4.296763819095477629e+03 3.974614544105466329e+00 1.552616977489185333e+09
4.321879396984924824e+03 3.997847085005055146e+00 1.552616977489185333e+09
4.346994974874372019e+03 4.021079625904644850e+00 1.552616977489185333e+09
4.372110552763819214e+03 4.044312166804233222e+00 1.552616977489185333e+09
4.397226130653266409e+03 4.067544707703822482e+00 1.552616977489185333e+09
4.422341708542713604e+03 4.090777248603411742e+00 1.552616977489185333e+09
4.447457286432160799e+03 4.114009789503001002e+00 1.552616977489185333e+09
4.472572864321607994e+03 4.137242330402590262e+00 1.552616977489185333e+09
4.497688442211055190e+03 4.160474871302179523e+00 1.552616977489185333e+09
4.522804020100502385e+03 4.183707412201768783e+00 1.552616977489185333e+09
4.547919597989949580e+03 4.206939953101357155e+00 1.552616977489185333e+09
4.573035175879397684e+03 4.230172494000947303e+00 1.552616977489185333e+09
4.598150753768844879e+03 4.253405034900536563e+00 1.552616977489185333e+09
4.623266331658292074e+03 4.276637575800125823e+00 1.552616977489185333e+09
4.648381909547739269e+03 4.299870116699715084e+00 1.552616977489185333e+09
4.673497487437186464e+03 4.323102657599304344e+00 1.552616977489185333e+09
4.698613065326633659e+03 4.346335198498893604e+00 1.552616977489185333e+09
4.723728643216080854e+03 4.369567739398481976e+00 1.552616977489185333e+09
4.748844221105528050e+03 4.392800280298071236e+00 1.552616977489185333e+09
4.773959798994975245e+03 4.416032821197660496e+00 1.552616977489185333e+09
4.799075376884422440e+03 4.439265362097249756e+00 1.552616977489185333e+09
4.824190954773869635e+03 4.462497902996839017e+00 1.552616977489185333e+09
4.849306532663316830e+03 4.485730443896428277e+00 1.552616977489185333e+09
4.874422110552764025e+03 4.508962984796017537e+00 1.552616977489185333e+09
4.899537688442211220e+03 4.532195525695605909e+00 1.552616977489185333e+09
4.924653266331658415e+03 4.555428066595195169e+00 1.552616977489185333e+09
4.949768844221105610e+03 4.578660607494784429e+00 1.552616977489185333e+09
4.974884422110552805e+03 4.601893148394373689e+00 1.552616977489185333e+09
5.000000000000000000e+03 4.625125689293962949e+00 1.552616977489185333e+09
