4.000000000000000222e-01 1.552616977489185333e+09
4.102564102564102977e-01 1.802681374944650412e+09
4.205128205128205177e-01 2.076944094474624157e+09
4.307692307692307931e-01 2.376567887545392036e+09
4.410256410256410686e-01 2.702706419663722038e+09
4.512820512820512886e-01 3.056503286187001228e+09
4.615384615384615641e-01 3.439089246290790558e+09
4.717948717948717841e-01 3.851580349021207333e+09
4.820512820512820595e-01 4.295076062119705200e+09
4.923076923076923350e-01 4.770657531313944817e+09
5.025641025641025550e-01 5.279385969802416801e+09
5.128205128205128860e-01 5.822301176990770340e+09
5.230769230769231060e-01 6.400420184934275627e+09
5.333333333333333259e-01 7.014736030402891159e+09
5.435897435897436569e-01 7.666216650007695198e+09
5.538461538461538769e-01 8.355803895385901451e+09
5.641025641025640969e-01 9.084412665029356003e+09
5.743589743589743168e-01 9.852930149254379272e+09
5.846153846153846478e-01 1.066221518431773376e+10
5.948717948717948678e-01 1.151309771153300285e+10
6.051282051282051988e-01 1.240637833709265518e+10
6.153846153846154188e-01 1.334282798815716171e+10
6.256410256410256387e-01 1.432318766067534447e+10
6.358974358974358587e-01 1.534816825433838081e+10
6.461538461538461897e-01 1.641845049003843498e+10
6.564102564102564097e-01 1.753468490519755173e+10
6.666666666666667407e-01 1.869749192233092880e+10
6.769230769230769607e-01 1.990746198481803894e+10
6.871794871794871806e-01 2.116515575646314621e+10
6.974358974358974006e-01 2.247110438341463852e+10
7.076923076923077316e-01 2.382580981029749298e+10
7.179487179487179516e-01 2.522974514733335114e+10
7.282051282051282826e-01 2.668335508448303986e+10
7.384615384615385025e-01 2.818705634864350128e+10
7.487179487179487225e-01 2.974123819710499954e+10
7.589743589743589425e-01 3.134626294149834061e+10
7.692307692307692735e-01 3.300246651515005112e+10
7.794871794871794934e-01 3.471015906573925018e+10
7.897435897435898244e-01 3.646962557193547058e+10
8.000000000000000444e-01 3.828112648218530273e+10
