2.000000000000000000e+00 1.635501924437026636e-03 2.420538511226430080e+17
2.711557788944723768e+01 2.217378991020652404e-02 2.420538511226430080e+17
5.223115577889447536e+01 4.271207789597601667e-02 2.420538511226430080e+17
7.734673366834171304e+01 6.325036588174551277e-02 2.420538511226430080e+17
1.024623115577889507e+02 8.378865386751500888e-02 2.420538511226430080e+17
1.275778894472361884e+02 1.043269418532845050e-01 2.420538511226430080e+17
1.526934673366834261e+02 1.248652298390540011e-01 2.420538511226430080e+17
1.778090452261306496e+02 1.454035178248234972e-01 2.420538511226430080e+17
2.029246231155779014e+02 1.659418058105930072e-01 2.420538511226430080e+17
2.280402010050251533e+02 1.864800937963624894e-01 2.420538511226430080e+17
2.531557788944723768e+02 2.070183817821319716e-01 2.420538511226430080e+17
2.782713567839196003e+02 2.275566697679014816e-01 2.420538511226430080e+17
3.033869346733668522e+02 2.480949577536709638e-01 2.420538511226430080e+17
3.285025125628141041e+02 2.686332457394404738e-01 2.420538511226430080e+17
3.536180904522612991e+02 2.891715337252099283e-01 2.420538511226430080e+17
3.787336683417085510e+02 3.097098217109794382e-01 2.420538511226430080e+17
4.038492462311558029e+02 3.302481096967489482e-01 2.420538511226430080e+17
4.289648241206030548e+02 3.507863976825184582e-01 2.420538511226430080e+17
4.540804020100503067e+02 3.713246856682879682e-01 2.420538511226430080e+17
4.791959798994975017e+02 3.918629736540574227e-01 2.420538511226430080e+17
5.043115577889447536e+02 4.124012616398269326e-01 2.420538511226430080e+17
5.294271356783920055e+02 4.329395496255964426e-01 2.420538511226430080e+17
5.545427135678392006e+02 4.534778376113658971e-01 2.420538511226430080e+17
5.796582914572865093e+02 4.740161255971354626e-01 2.420538511226430080e+17
6.047738693467337043e+02 4.945544135829049170e-01 2.420538511226430080e+17
6.298894472361808994e+02 5.150927015686743715e-01 2.420538511226430080e+17
6.550050251256282081e+02 5.356309895544439925e-01 2.420538511226430080e+17
6.801206030150754032e+02 5.561692775402133915e-01 2.420538511226430080e+17
7.052361809045225982e+02 5.767075655259829015e-01 2.420538511226430080e+17
7.303517587939699069e+02 5.972458535117524114e-01 2.420538511226430080e+17
7.554673366834171020e+02 6.177841414975219214e-01 2.420538511226430080e+17
7.805829145728644107e+02 6.383224294832914314e-01 2.420538511226430080e+17
8.056984924623116058e+02 6.588607174690609414e-01 2.420538511226430080e+17
8.308140703517588008e+02 6.793990054548303403e-01 2.420538511226430080e+17
8.559296482412061096e+02 6.999372934405999613e-01 2.420538511226430080e+17
8.810452261306533046e+02 7.204755814263693603e-01 2.420538511226430080e+17
9.061608040201006133e+02 7.410138694121388703e-01 2.420538511226430080e+17
9.312763819095478084e+02 7.615521573979083803e-01 2.420538511226430080e+17
9.563919597989950034e+02 7.820904453836778902e-01 2.420538511226430080e+17
9.815075376884423122e+02 8.026287333694474002e-01 2.420538511226430080e+17
1.006623115577889507e+03 8.231670213552169102e-01 2.420538511226430080e+17
1.031738693467336816e+03 8.437053093409864202e-01 2.420538511226430080e+17
1.056854271356784011e+03 8.642435973267559302e-01 2.420538511226430080e+17
1.081969849246231206e+03 8.847818853125253291e-01 2.420538511226430080e+17
1.107085427135678401e+03 9.053201732982948391e-01 2.420538511226430080e+17
1.132201005025125596e+03 9.258584612840642381e-01 2.420538511226430080e+17
1.157316582914573019e+03 9.463967492698338591e-01 2.420538511226430080e+17
1.182432160804020214e+03 9.669350372556033690e-01 2.420538511226430080e+17
1.207547738693467409e+03 9.874733252413728790e-01 2.420538511226430080e+17
1.232663316582914604e+03 1.008011613227142389e+00 2.420538511226430080e+17
1.257778894472361799e+03 1.028549901212911788e+00 2.420538511226430080e+17
1.282894472361809221e+03 1.049088189198681409e+00 2.420538511226430080e+17
1.308010050251256416e+03 1.069626477184450808e+00 2.420538511226430080e+17
1.333125628140703611e+03 1.090164765170220429e+00 2.420538511226430080e+17
1.358241206030150806e+03 1.110703053155989828e+00 2.420538511226430080e+17
1.383356783919598001e+03 1.131241341141759227e+00 2.420538511226430080e+17
1.408472361809045196e+03 1.151779629127528626e+00 2.420538511226430080e+17
1.433587939698492619e+03 1.172317917113298247e+00 2.420538511226430080e+17
1.458703517587939814e+03 1.192856205099067868e+00 2.420538511226430080e+17
1.483819095477387009e+03 1.213394493084837267e+00 2.420538511226430080e+17
1.508934673366834204e+03 1.233932781070606666e+00 2.420538511226430080e+17
1.534050251256281399e+03 1.254471069056376287e+00 2.420538511226430080e+17
1.559165829145728821e+03 1.275009357042145908e+00 2.420538511226430080e+17
1.584281407035176017e+03 1.295547645027915307e+00 2.420538511226430080e+17
1.609396984924623212e+03 1.316085933013684706e+00 2.420538511226430080e+17
1.634512562814070407e+03 1.336624220999454327e+00 2.420538511226430080e+17
1.659628140703517602e+03 1.357162508985223726e+00 2.420538511226430080e+17
1.684743718592965024e+03 1.377700796970993347e+00 2.420538511226430080e+17
1.709859296482412219e+03 1.398239084956762746e+00 2.420538511226430080e+17
1.734974874371859414e+03 1.418777372942532145e+00 2.420538511226430080e+17
1.760090452261306609e+03 1.439315660928301766e+00 2.420538511226430080e+17
1.785206030150753804e+03 1.459853948914071164e+00 2.420538511226430080e+17
1.810321608040201227e+03 1.480392236899840785e+00 2.420538511226430080e+17
1.835437185929648422e+03 1.500930524885610184e+00 2.420538511226430080e+17
1.860552763819095617e+03 1.521468812871379805e+00 2.420538511226430080e+17
1.885668341708542812e+03 1.542007100857149204e+00 2.420538511226430080e+17
1.910783919597990007e+03 1.562545388842918603e+00 2.420538511226430080e+17
1.935899497487437202e+03 1.583083676828688224e+00 2.420538511226430080e+17
1.961015075376884624e+03 1.603621964814457845e+00 2.420538511226430080e+17
1.986130653266331819e+03 1.624160252800227244e+00 2.420538511226430080e+17
2.011246231155779014e+03 1.644698540785996643e+00 2.420538511226430080e+17
2.036361809045226209e+03 1.665236828771766264e+00 2.420538511226430080e+17
2.061477386934673632e+03 1.685775116757535885e+00 2.420538511226430080e+17
2.086592964824120827e+03 1.706313404743305284e+00 2.420538511226430080e+17
2.111708542713568022e+03 1.726851692729074683e+00 2.420538511226430080e+17
2.136824120603015217e+03 1.747389980714844082e+00 2.420538511226430080e+17
2.161939698492462412e+03 1.767928268700613703e+00 2.420538511226430080e+17
2.187055276381909607e+03 1.788466556686383102e+00 2.420538511226430080e+17
2.212170854271356802e+03 1.809004844672152501e+00 2.420538511226430080e+17
2.237286432160803997e+03 1.829543132657922122e+00 2.420538511226430080e+17
2.262402010050251192e+03 1.850081420643691521e+00 2.420538511226430080e+17
2.287517587939698842e+03 1.870619708629461364e+00 2.420538511226430080e+17
2.312633165829146037e+03 1.891157996615230763e+00 2.420538511226430080e+17
2.337748743718593232e+03 1.911696284601000162e+00 2.420538511226430080e+17
2.362864321608040427e+03 1.932234572586769783e+00 2.420538511226430080e+17
2.387979899497487622e+03 1.952772860572539182e+00 2.420538511226430080e+17
2.413095477386934817e+03 1.973311148558308581e+00 2.420538511226430080e+17
2.438211055276382012e+03 1.993849436544078202e+00 2.420538511226430080e+17
2.463326633165829207e+03 2.014387724529847379e+00 2.420538511226430080e+17
2.488442211055276402e+03 2.034926012515617000e+00 2.420538511226430080e+17
2.513557788944723598e+03 2.055464300501386621e+00 2.420538511226430080e+17
2.538673366834170793e+03 2.076002588487155798e+00 2.420538511226430080e+17
2.563788944723618442e+03 2.096540876472925863e+00 2.420538511226430080e+17
2.588904522613065637e+03 2.117079164458695040e+00 2.420538511226430080e+17
2.614020100502512832e+03 2.137617452444464661e+00 2.420538511226430080e+17
2.639135678391960028e+03 2.158155740430234282e+00 2.420538511226430080e+17
2.664251256281407223e+03 2.178694028416003459e+00 2.420538511226430080e+17
2.689366834170854418e+03 2.199232316401773080e+00 2.420538511226430080e+17
2.714482412060301613e+03 2.219770604387542701e+00 2.420538511226430080e+17
2.739597989949748808e+03 2.240308892373311878e+00 2.420538511226430080e+17
2.764713567839196003e+03 2.260847180359081499e+00 2.420538511226430080e+17
2.789829145728643198e+03 2.281385468344851120e+00 2.420538511226430080e+17
2.814944723618090393e+03 2.301923756330620296e+00 2.420538511226430080e+17
2.840060301507538043e+03 2.322462044316390362e+00 2.420538511226430080e+17
2.865175879396985238e+03 2.343000332302159539e+00 2.420538511226430080e+17
2.890291457286432433e+03 2.363538620287929160e+00 2.420538511226430080e+17
2.915407035175879628e+03 2.384076908273698781e+00 2.420538511226430080e+17
2.940522613065326823e+03 2.404615196259467957e+00 2.420538511226430080e+17
2.965638190954774018e+03 2.425153484245237578e+00 2.420538511226430080e+17
2.990753768844221213e+03 2.445691772231006755e+00 2.420538511226430080e+17
3.015869346733668408e+03 2.466230060216776376e+00 2.420538511226430080e+17
3.040984924623115603e+03 2.486768348202545997e+00 2.420538511226430080e+17
3.066100502512562798e+03 2.507306636188315174e+00 2.420538511226430080e+17
3.091216080402010448e+03 2.527844924174085239e+00 2.420538511226430080e+17
3.116331658291457643e+03 2.548383212159854860e+00 2.420538511226430080e+17
3.141447236180904838e+03 2.568921500145624037e+00 2.420538511226430080e+17
3.166562814070352033e+03 2.589459788131393658e+00 2.420538511226430080e+17
3.191678391959799228e+03 2.609998076117162835e+00 2.420538511226430080e+17
3.216793969849246423e+03 2.630536364102932456e+00 2.420538511226430080e+17
3.241909547738693618e+03 2.651074652088702077e+00 2.420538511226430080e+17
3.267025125628140813e+03 2.671612940074471254e+00 2.420538511226430080e+17
3.292140703517588008e+03 2.692151228060240875e+00 2.420538511226430080e+17
3.317256281407035203e+03 2.712689516046010496e+00 2.420538511226430080e+17
3.342371859296482398e+03 2.733227804031779673e+00 2.420538511226430080e+17
3.367487437185930048e+03 2.753766092017549738e+00 2.420538511226430080e+17
3.392603015075377243e+03 2.774304380003318915e+00 2.420538511226430080e+17
3.417718592964824438e+03 2.794842667989088536e+00 2.420538511226430080e+17
3.442834170854271633e+03 2.815380955974858157e+00 2.420538511226430080e+17
3.467949748743718828e+03 2.835919243960627334e+00 2.420538511226430080e+17
3.493065326633166023e+03 2.856457531946396955e+00 2.420538511226430080e+17
3.518180904522613218e+03 2.876995819932166576e+00 2.420538511226430080e+17
3.543296482412060413e+03 2.897534107917935753e+00 2.420538511226430080e+17
3.568412060301507609e+03 2.918072395903705374e+00 2.420538511226430080e+17
3.593527638190954804e+03 2.938610683889474995e+00 2.420538511226430080e+17
3.618643216080402453e+03 2.959148971875244616e+00 2.420538511226430080e+17
3.643758793969849648e+03 2.979687259861014237e+00 2.420538511226430080e+17
3.668874371859296843e+03 3.000225547846783414e+00 2.420538511226430080e+17
3.693989949748744039e+03 3.020763835832553035e+00 2.420538511226430080e+17
3.719105527638191234e+03 3.041302123818322656e+00 2.420538511226430080e+17
3.744221105527638429e+03 3.061840411804091833e+00 2.420538511226430080e+17
3.769336683417085624e+03 3.082378699789861454e+00 2.420538511226430080e+17
3.794452261306532819e+03 3.102916987775630631e+00 2.420538511226430080e+17
3.819567839195980014e+03 3.123455275761400252e+00 2.420538511226430080e+17
3.844683417085427209e+03 3.143993563747169873e+00 2.420538511226430080e+17
3.869798994974874404e+03 3.164531851732939050e+00 2.420538511226430080e+17
3.894914572864322054e+03 3.185070139718709115e+00 2.420538511226430080e+17
3.920030150753769249e+03 3.205608427704478736e+00 2.420538511226430080e+17
3.945145728643216444e+03 3.226146715690247913e+00 2.420538511226430080e+17
3.970261306532663639e+03 3.246685003676017534e+00 2.420538511226430080e+17
3.995376884422110834e+03 3.267223291661786710e+00 2.420538511226430080e+17
4.020492462311558029e+03 3.287761579647556331e+00 2.420538511226430080e+17
4.045608040201005224e+03 3.308299867633325952e+00 2.420538511226430080e+17
4.070723618090452419e+03 3.328838155619095129e+00 2.420538511226430080e+17
4.095839195979899614e+03 3.349376443604864750e+00 2.420538511226430080e+17
4.120954773869347264e+03 3.369914731590634371e+00 2.420538511226430080e+17
4.146070351758794459e+03 3.390453019576403992e+00 2.420538511226430080e+17
4.171185929648241654e+03 3.410991307562173613e+00 2.420538511226430080e+17
4.196301507537688849e+03 3.431529595547942790e+00 2.420538511226430080e+17
4.221417085427136044e+03 3.452067883533712411e+00 2.420538511226430080e+17
4.246532663316583239e+03 3.472606171519482032e+00 2.420538511226430080e+17
4.271648241206030434e+03 3.493144459505251209e+00 2.420538511226430080e+17
4.296763819095477629e+03 3.513682747491020830e+00 2.420538511226430080e+17
4.321879396984924824e+03 3.534221035476790451e+00 2.420538511226430080e+17
4.346994974874372019e+03 3.554759323462559628e+00 2.420538511226430080e+17
4.372110552763819214e+03 3.575297611448329249e+00 2.420538511226430080e+17
4.397226130653266409e+03 3.595835899434098870e+00 2.420538511226430080e+17
4.422341708542713604e+03 3.616374187419868047e+00 2.420538511226430080e+17
4.447457286432160799e+03 3.636912475405637668e+00 2.420538511226430080e+17
4.472572864321607994e+03 3.657450763391406845e+00 2.420538511226430080e+17
4.497688442211055190e+03 3.677989051377176466e+00 2.420538511226430080e+17
4.522804020100502385e+03 3.698527339362946087e+00 2.420538511226430080e+17
4.547919597989949580e+03 3.719065627348715264e+00 2.420538511226430080e+17
4.573035175879397684e+03 3.739603915334485773e+00 2.420538511226430080e+17
4.598150753768844879e+03 3.760142203320254950e+00 2.420538511226430080e+17
4.623266331658292074e+03 3.780680491306024571e+00 2.420538511226430080e+17
4.648381909547739269e+03 3.801218779291794192e+00 2.420538511226430080e+17
4.673497487437186464e+03 3.821757067277563369e+00 2.420538511226430080e+17
4.698613065326633659e+03 3.842295355263332990e+00 2.420538511226430080e+17
4.723728643216080854e+03 3.862833643249102611e+00 2.420538511226430080e+17
4.748844221105528050e+03 3.883371931234871788e+00 2.420538511226430080e+17
4.773959798994975245e+03 3.903910219220641409e+00 2.420538511226430080e+17
4.799075376884422440e+03 3.924448507206410586e+00 2.420538511226430080e+17
4.824190954773869635e+03 3.944986795192180207e+00 2.420538511226430080e+17
4.849306532663316830e+03 3.965525083177949828e+00 2.420538511226430080e+17
4.874422110552764025e+03 3.986063371163719005e+00 2.420538511226430080e+17
4.899537688442211220e+03 4.006601659149488626e+00 2.420538511226430080e+17
4.924653266331658415e+03 4.027139947135258247e+00 2.420538511226430080e+17
4.949768844221105610e+03 4.047678235121027868e+00 2.420538511226430080e+17
4.974884422110552805e+03 4.068216523106796600e+00 2.420538511226430080e+17
5.000000000000000000e+03 4.088754811092566221e+00 2.420538511226430080e+17
