2.000000000000000000e+00 1.134373426111166495e-17
2.711557788944723768e+01 1.134373426111166495e-17
5.223115577889447536e+01 1.134373426111166495e-17
7.734673366834171304e+01 1.134373426111166495e-17
1.024623115577889507e+02 1.134373426111166495e-17
1.275778894472361884e+02 1.134373426111166495e-17
1.526934673366834261e+02 1.134373426111166495e-17
1.778090452261306496e+02 1.134373426111166495e-17
2.029246231155779014e+02 1.134373426111166495e-17
2.280402010050251533e+02 1.134373426111166495e-17
2.531557788944723768e+02 1.134373426111166495e-17
2.782713567839196003e+02 1.134373426111166495e-17
3.033869346733668522e+02 1.134373426111166495e-17
3.285025125628141041e+02 1.134373426111166495e-17
3.536180904522612991e+02 1.134373426111166495e-17
3.787336683417085510e+02 1.134373426111166495e-17
4.038492462311558029e+02 1.134373426111166495e-17
4.289648241206030548e+02 1.134373426111166495e-17
4.540804020100503067e+02 1.134373426111166495e-17
4.791959798994975017e+02 1.134373426111166495e-17
5.043115577889447536e+02 1.134373426111166495e-17
5.294271356783920055e+02 1.134373426111166495e-17
5.545427135678392006e+02 1.134373426111166495e-17
5.796582914572865093e+02 1.134373426111166495e-17
6.047738693467337043e+02 1.134373426111166495e-17
6.298894472361808994e+02 1.134373426111166495e-17
6.550050251256282081e+02 1.134373426111166495e-17
6.801206030150754032e+02 1.134373426111166495e-17
7.052361809045225982e+02 1.134373426111166495e-17
7.303517587939699069e+02 1.134373426111166495e-17
7.554673366834171020e+02 1.134373426111166495e-17
7.805829145728644107e+02 1.134373426111166495e-17
8.056984924623116058e+02 1.134373426111166495e-17
8.308140703517588008e+02 1.134373426111166495e-17
8.559296482412061096e+02 1.134373426111166495e-17
8.810452261306533046e+02 1.134373426111166495e-17
9.061608040201006133e+02 1.134373426111166495e-17
9.312763819095478084e+02 1.134373426111166495e-17
9.563919597989950034e+02 1.134373426111166495e-17
9.815075376884423122e+02 1.134373426111166495e-17
1.006623115577889507e+03 1.134373426111166495e-17
1.031738693467336816e+03 1.134373426111166495e-17
1.056854271356784011e+03 1.134373426111166495e-17
1.081969849246231206e+03 1.134373426111166495e-17
1.107085427135678401e+03 1.134373426111166495e-17
1.132201005025125596e+03 1.134373426111166495e-17
1.157316582914573019e+03 1.134373426111166495e-17
1.182432160804020214e+03 1.134373426111166495e-17
1.207547738693467409e+03 1.134373426111166495e-17
1.232663316582914604e+03 1.134373426111166495e-17
1.257778894472361799e+03 1.134373426111166495e-17
1.282894472361809221e+03 1.134373426111166495e-17
1.308010050251256416e+03 1.134373426111166495e-17
1.333125628140703611e+03 1.134373426111166495e-17
1.358241206030150806e+03 1.134373426111166495e-17
1.383356783919598001e+03 1.134373426111166495e-17
1.408472361809045196e+03 1.134373426111166495e-17
1.433587939698492619e+03 1.134373426111166495e-17
1.458703517587939814e+03 1.134373426111166495e-17
1.483819095477387009e+03 1.134373426111166495e-17
1.508934673366834204e+03 1.134373426111166495e-17
1.534050251256281399e+03 1.134373426111166495e-17
1.559165829145728821e+03 1.134373426111166495e-17
1.584281407035176017e+03 1.134373426111166495e-17
1.609396984924623212e+03 1.134373426111166495e-17
1.634512562814070407e+03 1.134373426111166495e-17
1.659628140703517602e+03 1.134373426111166495e-17
1.684743718592965024e+03 1.134373426111166495e-17
1.709859296482412219e+03 1.134373426111166495e-17
1.734974874371859414e+03 1.134373426111166495e-17
1.760090452261306609e+03 1.134373426111166495e-17
1.785206030150753804e+03 1.134373426111166495e-17
1.810321608040201227e+03 1.134373426111166495e-17
1.835437185929648422e+03 1.134373426111166495e-17
1.860552763819095617e+03 1.134373426111166495e-17
1.885668341708542812e+03 1.134373426111166495e-17
1.910783919597990007e+03 1.134373426111166495e-17
1.935899497487437202e+03 1.134373426111166495e-17
1.961015075376884624e+03 1.134373426111166495e-17
1.986130653266331819e+03 1.134373426111166495e-17
2.011246231155779014e+03 1.134373426111166495e-17
2.036361809045226209e+03 1.134373426111166495e-17
2.061477386934673632e+03 1.134373426111166495e-17
2.086592964824120827e+03 1.134373426111166495e-17
2.111708542713568022e+03 1.134373426111166495e-17
2.136824120603015217e+03 1.134373426111166495e-17
2.161939698492462412e+03 1.134373426111166495e-17
2.187055276381909607e+03 1.134373426111166495e-17
2.212170854271356802e+03 1.134373426111166495e-17
2.237286432160803997e+03 1.134373426111166495e-17
2.262402010050251192e+03 1.134373426111166495e-17
2.287517587939698842e+03 1.134373426111166495e-17
2.312633165829146037e+03 1.134373426111166495e-17
2.337748743718593232e+03 1.134373426111166495e-17
2.362864321608040427e+03 1.134373426111166495e-17
2.387979899497487622e+03 1.134373426111166495e-17
2.413095477386934817e+03 1.134373426111166495e-17
2.438211055276382012e+03 1.134373426111166495e-17
2.463326633165829207e+03 1.134373426111166495e-17
2.488442211055276402e+03 1.134373426111166495e-17
2.513557788944723598e+03 1.134373426111166495e-17
2.538673366834170793e+03 1.134373426111166495e-17
2.563788944723618442e+03 1.134373426111166495e-17
2.588904522613065637e+03 1.134373426111166495e-17
2.614020100502512832e+03 1.134373426111166495e-17
2.639135678391960028e+03 1.134373426111166495e-17
2.664251256281407223e+03 1.134373426111166495e-17
2.689366834170854418e+03 1.134373426111166495e-17
2.714482412060301613e+03 1.134373426111166495e-17
2.739597989949748808e+03 1.134373426111166495e-17
2.764713567839196003e+03 1.134373426111166495e-17
2.789829145728643198e+03 1.134373426111166495e-17
2.814944723618090393e+03 1.134373426111166495e-17
2.840060301507538043e+03 1.134373426111166495e-17
2.865175879396985238e+03 1.134373426111166495e-17
2.890291457286432433e+03 1.134373426111166495e-17
2.915407035175879628e+03 1.134373426111166495e-17
2.940522613065326823e+03 1.134373426111166495e-17
2.965638190954774018e+03 1.134373426111166495e-17
2.990753768844221213e+03 1.134373426111166495e-17
3.015869346733668408e+03 1.134373426111166495e-17
3.040984924623115603e+03 1.134373426111166495e-17
3.066100502512562798e+03 1.134373426111166495e-17
3.091216080402010448e+03 1.134373426111166495e-17
3.116331658291457643e+03 1.134373426111166495e-17
3.141447236180904838e+03 1.134373426111166495e-17
3.166562814070352033e+03 1.134373426111166495e-17
3.191678391959799228e+03 1.134373426111166495e-17
3.216793969849246423e+03 1.134373426111166495e-17
3.241909547738693618e+03 1.134373426111166495e-17
3.267025125628140813e+03 1.134373426111166495e-17
3.292140703517588008e+03 1.134373426111166495e-17
3.317256281407035203e+03 1.134373426111166495e-17
3.342371859296482398e+03 1.134373426111166495e-17
3.367487437185930048e+03 1.134373426111166495e-17
3.392603015075377243e+03 1.134373426111166495e-17
3.417718592964824438e+03 1.134373426111166495e-17
3.442834170854271633e+03 1.134373426111166495e-17
3.467949748743718828e+03 1.134373426111166495e-17
3.493065326633166023e+03 1.134373426111166495e-17
3.518180904522613218e+03 1.134373426111166495e-17
3.543296482412060413e+03 1.134373426111166495e-17
3.568412060301507609e+03 1.134373426111166495e-17
3.593527638190954804e+03 1.134373426111166495e-17
3.618643216080402453e+03 1.134373426111166495e-17
3.643758793969849648e+03 1.134373426111166495e-17
3.668874371859296843e+03 1.134373426111166495e-17
3.693989949748744039e+03 1.134373426111166495e-17
3.719105527638191234e+03 1.134373426111166495e-17
3.744221105527638429e+03 1.134373426111166495e-17
3.769336683417085624e+03 1.134373426111166495e-17
3.794452261306532819e+03 1.134373426111166495e-17
3.819567839195980014e+03 1.134373426111166495e-17
3.844683417085427209e+03 1.134373426111166495e-17
3.869798994974874404e+03 1.134373426111166495e-17
3.894914572864322054e+03 1.134373426111166495e-17
3.920030150753769249e+03 1.134373426111166495e-17
3.945145728643216444e+03 1.134373426111166495e-17
3.970261306532663639e+03 1.134373426111166495e-17
3.995376884422110834e+03 1.134373426111166495e-17
4.020492462311558029e+03 1.134373426111166495e-17
4.045608040201005224e+03 1.134373426111166495e-17
4.070723618090452419e+03 1.134373426111166495e-17
4.095839195979899614e+03 1.134373426111166495e-17
4.120954773869347264e+03 1.134373426111166495e-17
4.146070351758794459e+03 1.134373426111166495e-17
4.171185929648241654e+03 1.134373426111166495e-17
4.196301507537688849e+03 1.134373426111166495e-17
4.221417085427136044e+03 1.134373426111166495e-17
4.246532663316583239e+03 1.134373426111166495e-17
4.271648241206030434e+03 1.134373426111166495e-17
4.296763819095477629e+03 1.134373426111166495e-17
4.321879396984924824e+03 1.134373426111166495e-17
4.346994974874372019e+03 1.134373426111166495e-17
4.372110552763819214e+03 1.134373426111166495e-17
4.397226130653266409e+03 1.134373426111166495e-17
4.422341708542713604e+03 1.134373426111166495e-17
4.447457286432160799e+03 1.134373426111166495e-17
4.472572864321607994e+03 1.134373426111166495e-17
4.497688442211055190e+03 1.134373426111166495e-17
4.522804020100502385e+03 1.134373426111166495e-17
4.547919597989949580e+03 1.134373426111166495e-17
4.573035175879397684e+03 1.134373426111166495e-17
4.598150753768844879e+03 1.134373426111166495e-17
4.623266331658292074e+03 1.134373426111166495e-17
4.648381909547739269e+03 1.134373426111166495e-17
4.673497487437186464e+03 1.134373426111166495e-17
4.698613065326633659e+03 1.134373426111166495e-17
4.723728643216080854e+03 1.134373426111166495e-17
4.748844221105528050e+03 1.134373426111166495e-17
4.773959798994975245e+03 1.134373426111166495e-17
4.799075376884422440e+03 1.134373426111166495e-17
4.824190954773869635e+03 1.134373426111166495e-17
4.849306532663316830e+03 1.134373426111166495e-17
4.874422110552764025e+03 1.134373426111166495e-17
4.899537688442211220e+03 1.134373426111166495e-17
4.924653266331658415e+03 1.134373426111166495e-17
4.949768844221105610e+03 1.134373426111166495e-17
4.974884422110552805e+03 1.134373426111166495e-17
5.000000000000000000e+03 1.134373426111166495e-17
