2.000000000000000000e+00 1.850050275717585050e-03 7.721226595855380660e-08
5.248484848484848442e+01 4.854980420519480755e-02 7.721226595855380660e-08
1.029696969696969688e+02 9.524955813467203547e-02 7.721226595855380660e-08
1.534545454545454390e+02 1.419493120641492356e-01 7.721226595855380660e-08
2.039393939393939377e+02 1.886490659936264913e-01 7.721226595855380660e-08
2.544242424242424363e+02 2.353488199231037192e-01 7.721226595855380660e-08
3.049090909090908781e+02 2.820485738525809194e-01 7.721226595855380660e-08
3.553939393939393767e+02 3.287483277820581473e-01 7.721226595855380660e-08
4.058787878787878753e+02 3.754480817115353752e-01 7.721226595855380660e-08
4.563636363636363740e+02 4.221478356410126032e-01 7.721226595855380660e-08
5.068484848484848726e+02 4.688475895704898311e-01 7.721226595855380660e-08
5.573333333333333712e+02 5.155473434999671145e-01 7.721226595855380660e-08
6.078181818181817562e+02 5.622470974294442314e-01 7.721226595855380660e-08
6.583030303030302548e+02 6.089468513589214593e-01 7.721226595855380660e-08
7.087878787878787534e+02 6.556466052883986873e-01 7.721226595855380660e-08
7.592727272727272521e+02 7.023463592178759152e-01 7.721226595855380660e-08
8.097575757575757507e+02 7.490461131473531431e-01 7.721226595855380660e-08
8.602424242424242493e+02 7.957458670768303710e-01 7.721226595855380660e-08
9.107272727272727479e+02 8.424456210063075989e-01 7.721226595855380660e-08
9.612121212121212466e+02 8.891453749357848269e-01 7.721226595855380660e-08
1.011696969696969745e+03 9.358451288652621658e-01 7.721226595855380660e-08
1.062181818181818244e+03 9.825448827947393937e-01 7.721226595855380660e-08
1.112666666666666742e+03 1.029244636724216511e+00 7.721226595855380660e-08
1.163151515151515241e+03 1.075944390653693850e+00 7.721226595855380660e-08
1.213636363636363512e+03 1.122644144583170744e+00 7.721226595855380660e-08
1.264121212121212011e+03 1.169343898512648083e+00 7.721226595855380660e-08
1.314606060606060510e+03 1.216043652442125422e+00 7.721226595855380660e-08
1.365090909090909008e+03 1.262743406371602539e+00 7.721226595855380660e-08
1.415575757575757507e+03 1.309443160301079878e+00 7.721226595855380660e-08
1.466060606060606005e+03 1.356142914230556995e+00 7.721226595855380660e-08
1.516545454545454504e+03 1.402842668160034334e+00 7.721226595855380660e-08
1.567030303030303003e+03 1.449542422089511451e+00 7.721226595855380660e-08
1.617515151515151501e+03 1.496242176018988790e+00 7.721226595855380660e-08
1.668000000000000000e+03 1.542941929948465907e+00 7.721226595855380660e-08
1.718484848484848499e+03 1.589641683877943246e+00 7.721226595855380660e-08
1.768969696969696997e+03 1.636341437807420363e+00 7.721226595855380660e-08
1.819454545454545496e+03 1.683041191736897702e+00 7.721226595855380660e-08
1.869939393939393995e+03 1.729740945666374818e+00 7.721226595855380660e-08
1.920424242424242493e+03 1.776440699595852157e+00 7.721226595855380660e-08
1.970909090909090992e+03 1.823140453525329496e+00 7.721226595855380660e-08
2.021393939393939490e+03 1.869840207454806613e+00 7.721226595855380660e-08
2.071878787878787989e+03 1.916539961384283952e+00 7.721226595855380660e-08
2.122363636363636488e+03 1.963239715313761069e+00 7.721226595855380660e-08
2.172848484848484986e+03 2.009939469243238186e+00 7.721226595855380660e-08
2.223333333333333485e+03 2.056639223172715525e+00 7.721226595855380660e-08
2.273818181818181984e+03 2.103338977102192864e+00 7.721226595855380660e-08
2.324303030303030482e+03 2.150038731031670203e+00 7.721226595855380660e-08
2.374787878787878981e+03 2.196738484961147098e+00 7.721226595855380660e-08
2.425272727272727025e+03 2.243438238890623992e+00 7.721226595855380660e-08
2.475757575757575523e+03 2.290137992820101331e+00 7.721226595855380660e-08
2.526242424242424022e+03 2.336837746749578670e+00 7.721226595855380660e-08
2.576727272727272521e+03 2.383537500679056009e+00 7.721226595855380660e-08
2.627212121212121019e+03 2.430237254608532904e+00 7.721226595855380660e-08
2.677696969696969518e+03 2.476937008538010243e+00 7.721226595855380660e-08
2.728181818181818016e+03 2.523636762467487582e+00 7.721226595855380660e-08
2.778666666666666515e+03 2.570336516396964921e+00 7.721226595855380660e-08
2.829151515151515014e+03 2.617036270326441816e+00 7.721226595855380660e-08
2.879636363636363512e+03 2.663736024255919155e+00 7.721226595855380660e-08
2.930121212121212011e+03 2.710435778185396494e+00 7.721226595855380660e-08
2.980606060606060510e+03 2.757135532114873833e+00 7.721226595855380660e-08
3.031090909090909008e+03 2.803835286044351172e+00 7.721226595855380660e-08
3.081575757575757507e+03 2.850535039973828066e+00 7.721226595855380660e-08
3.132060606060606005e+03 2.897234793903305405e+00 7.721226595855380660e-08
3.182545454545454504e+03 2.943934547832782744e+00 7.721226595855380660e-08
3.233030303030303003e+03 2.990634301762260083e+00 7.721226595855380660e-08
3.283515151515151501e+03 3.037334055691736978e+00 7.721226595855380660e-08
3.334000000000000000e+03 3.084033809621214317e+00 7.721226595855380660e-08
3.384484848484848499e+03 3.130733563550691656e+00 7.721226595855380660e-08
3.434969696969696997e+03 3.177433317480168995e+00 7.721226595855380660e-08
3.485454545454545496e+03 3.224133071409645890e+00 7.721226595855380660e-08
3.535939393939393995e+03 3.270832825339123229e+00 7.721226595855380660e-08
3.586424242424242493e+03 3.317532579268600568e+00 7.721226595855380660e-08
3.636909090909090992e+03 3.364232333198077907e+00 7.721226595855380660e-08
3.687393939393939490e+03 3.410932087127555246e+00 7.721226595855380660e-08
3.737878787878787989e+03 3.457631841057032140e+00 7.721226595855380660e-08
3.788363636363636488e+03 3.504331594986509479e+00 7.721226595855380660e-08
3.838848484848484986e+03 3.551031348915986818e+00 7.721226595855380660e-08
3.889333333333333485e+03 3.597731102845464157e+00 7.721226595855380660e-08
3.939818181818181984e+03 3.644430856774941052e+00 7.721226595855380660e-08
3.990303030303030482e+03 3.691130610704418391e+00 7.721226595855380660e-08
4.040787878787878981e+03 3.737830364633895730e+00 7.721226595855380660e-08
4.091272727272727025e+03 3.784530118563372625e+00 7.721226595855380660e-08
4.141757575757575978e+03 3.831229872492849964e+00 7.721226595855380660e-08
4.192242424242424022e+03 3.877929626422326859e+00 7.721226595855380660e-08
4.242727272727272975e+03 3.924629380351804642e+00 7.721226595855380660e-08
4.293212121212121019e+03 3.971329134281281537e+00 7.721226595855380660e-08
4.343696969696969973e+03 4.018028888210759320e+00 7.721226595855380660e-08
4.394181818181818016e+03 4.064728642140235770e+00 7.721226595855380660e-08
4.444666666666666970e+03 4.111428396069713997e+00 7.721226595855380660e-08
4.495151515151515014e+03 4.158128149999190448e+00 7.721226595855380660e-08
4.545636363636363967e+03 4.204827903928667787e+00 7.721226595855380660e-08
4.596121212121212011e+03 4.251527657858145126e+00 7.721226595855380660e-08
4.646606060606060964e+03 4.298227411787622465e+00 7.721226595855380660e-08
4.697090909090909008e+03 4.344927165717098916e+00 7.721226595855380660e-08
4.747575757575757962e+03 4.391626919646577143e+00 7.721226595855380660e-08
4.798060606060606005e+03 4.438326673576053594e+00 7.721226595855380660e-08
4.848545454545454049e+03 4.485026427505530933e+00 7.721226595855380660e-08
4.899030303030303003e+03 4.531726181435008272e+00 7.721226595855380660e-08
4.949515151515151047e+03 4.578425935364484722e+00 7.721226595855380660e-08
5.000000000000000000e+03 4.625125689293962949e+00 7.721226595855380660e-08
